#C:\Users\sakroger\Desktop\k-core\git_code\code\formater.py
# GMT Sun Jan 17 07:56:37 2021
# 
38 39 1 2 7 19 26 36 35 11 12 15 16 18 33 8 27 28 30 31 32 14 22 23 21
39 3 25 26 27 28 29 36 19 4 32
1 37 4 34 35 2 3 5 6 7 8 9 10 11 12 13 14 15 16 17 18 19 20 21 22 23 24 25 26 27 28 29 30 31 32 33
2 37 3 4 9 10 11 12 13 14 15 16 17 18 19 20 21 22 23 24 25 26 27 28 29 30 31 32 33 35
7 37
19 8
26 8
36 37
35
3
25 8
27 8
28 8
29 8
4
32 8
11 37
12 37 8
15
16
18
33 8
8 37 13 20 21 22 23 24 30 31
30
31
14
22 37
23 37
21
37 5 6 9 10 13
5
6
9
10
13
17
20
24
34
