#C:\Users\sakroger\Desktop\k-core\git_code\code\formater.py
# GMT Sun Jan 17 07:56:37 2021
# 
4 6 11 25 29 51 70 91 98 105 13 15 28 35 39 43 44 62 86 8 42 52 53 73 75 82 99 103 108 41 54 85 113 7 18 37 60 64 89 102 115 3 17 83 84 50 101 104
6 3 1 12 59 60 64 87 99 113 11 41 49 53 78 82 85 98 103 108 73 76 89
11 3
25 2 5 12 45 49 60 66 76 77 87 92 93 113 18 1 14
29 12 13 5 8 1 18
51 12 5 20 9 8 1
70 12 5 21 47 1 30 18
91 1 12 5
98 37 28 45
105 1 17 3 18 16
14 15 18 19 27 35 37 39 44 86 3 7 2 47 50 54 68 74 81 84 89 115
15 3 13 19 32 35 39 40 56 62 72 100 55 61 73 7 86 90 101
18 1 22 37 63 66 71 76 77 88 97 114 2 21 28 46 57 62 96 106 87 38 49 113 60
19 30 31 34 36 37 45 56 80 95 102 33 35 44 55 62 72 86 100 13 27 58 64 32 48 63 93
27 3 2 13 7
35 13 1 20
37 13 2 59 61 64 67 77 114
39 3 1 13 5 7
44 3 13 21 20 7
86 3 13 30
3 13 16 33 40 46 61 65 101 107 111 55 72 100 48 69 93 115 7 23 47 62 60 10 64 112 41 53 75 82 103 108 73 74 83 85 26 57
13 17 21 28 59 63 66 88 96 97 114 20 32 43 55 62 72 100 36 95 38 60 40 71 80 7
16 7 8 36 49 58 62 67 76 87 92 107 113 47 50 54 59 68 74 84 89 111
33 8 7 47 49 54 68 74 84 85 89 111 115
40 7 8
46 2 1 20
61 7
65 7 28 8
101 7 8
107 2 7 28
111 12 22 26 17 8 30 47
55 7
72
100 7 2
48 8 7 22
69 8 12 9 17 5
93 1 45 2 21 30
115 22 26 17 8 47 1
1 5 10 24 42 68 82 94 17 23 79 112 2 20 26 38 90 104 106 110 30 31 45 56 80 95 102 9 41 21 28 57 64 67 71 88 97 114 12 81 83 92 73
5 12 79 114 71 84 89 92 96 8 10 22 23 52 78 112
10 8
24 8
42 17
68 22 26 8 47
82 8 47
94 30 8
17 47 50 54 74 84 89
21 8 28 57 63 66 77 96 104 114 45 49 58 67 87 108 113 60 71 76 97
28 58 63 66 71 77 88 96 97 43 59 60 110 113
59 47 2
63 2
66 2
88 12 45
96 2
97 2 45
114
20 31 36 43 56 80 81 83 92 95 102 30 45 110 49 58 67 76 87 113 7 32 2
32 7
43 2
62
30 7 38 80 83 87 92 95 106 8 45 49 58 67 81 113 2
31 12 7 8 2
34 2
36 7 2
45 2 50 54 58 67 76 87 92 99 49 81 53 64
56 2
80 7 2
95 7 8 2
102 9 7
22 8 7 50 54 74 84 89 112 9
71 2
76 2
77 2
8 9 23 47 52 78 109 112 79 50 54 75 84 89 74 83 99 81
9 23 41 78 79 109 112
23
47 26 50 54 74 85 89 84 90 108
52 12 2
78
109
112
79 12
12 26 67 85
26 2 49 50 53 74 84 87 89
67
85
2 38 54 90 104 106 110 57 64 81 49 87 92 113 89 103
38
54
90 7
104
106
110
57
64
81 7
83 7
92
7 50
50
60
53
73
75
99
103
108
41
58
49
87
113
74
84
89
