#C:\Users\sakroger\Desktop\k-core\git_code\code\formater.py
# GMT Sun Jan 17 05:23:46 2021
# 
0 1 19 21 22 23 31 35 37 38 39 47 49 50 51 52 53 54 55 59 61 62 63 67 69 70 71 79 81 82 83 84 85 86 87 91 93 94 95 97 98 99 100 101 102 103 107 109 110 111 112 113 114 115 116 117 118 119 121 122 123 124 125 126 127 131 133 134 135 143 145 146 147 148 149 150 151 155 157 158 159 161 162 163 164 165 166 167 171 173 174 175 176 177 178 179 180 181 182 183 185 186 187 188 189 190 191 193 194 195 196 197 198 199 203 205 206 207 208 209 210 211 212 213 214 215 217 218 219 220 221 222 223 224 225 226 227 228 229 230 231 233 234 235 236 237 238 239 240 241 242 243 244 245 246 247 248 249 250 251 252 253 254 255
1 16 24 25 26 28 32 40 41 42 44 48 49 50 52 56 57 58 59 60 61 62 64 72 73 74 76 80 81 82 84 88 89 90 91 92 93 94 96 97 98 100 104 105 106 107 108 109 110 112 113 114 115 116 117 118 120 121 122 123 124 125 126 127 128 136 137 138 140 144 145 146 148 152 153 154 155 156 157 158 160 161 162 164 168 169 170 171 172 173 174 176 177 178 179 180 181 182 184 185 186 187 188 189 190 191 192 193 194 196 200 201 202 203 204 205 206 208 209 210 211 212 213 214 216 217 218 219 220 221 222 223 224 225 226 227 228 229 230 232 233 234 235 236 237 238 239 240 241 242 243 244 245 246 247 248 249 250 251 252 253 254 255
19 7 8 10 12 28 32 36 37 38 40 41 42 44 45 46 47 52 56 60 61 62 64 68 69 70 72 73 74 76 77 78 79 84 88 92 93 94 96 97 98 100 101 102 103 104 105 106 107 108 109 110 111 112 116 117 118 120 121 122 124 125 126 127 128 132 133 134 136 137 138 140 141 142 143 148 152 156 157 158 160 161 162 164 165 166 167 168 169 170 171 172 173 174 175 176 180 181 182 184 185 186 188 189 190 191 192 193 194 196 197 198 199 200 201 202 203 204 205 206 207 208 212 213 214 216 217 218 220 221 222 223 224 225 226 227 228 229 230 231 232 233 234 235 236 237 238 239 240 241 242 244 245 246 247 248 249 250 251 252 253 254 255
21 4 6 11 12 26 32 34 35 38 40 41 42 43 44 46 47 50 56 58 59 62 64 66 67 70 72 73 74 75 76 78 79 82 88 90 91 94 96 97 98 99 100 102 103 104 105 106 107 108 109 110 111 112 114 115 118 120 121 122 123 124 126 127 128 130 131 134 136 137 138 139 140 142 143 146 152 154 155 158 160 161 162 163 164 166 167 168 169 170 171 172 173 174 175 176 178 179 182 184 185 186 187 188 190 191 192 193 194 195 196 198 199 200 201 202 203 204 205 206 207 208 210 211 214 216 217 218 219 220 222 223 224 225 226 227 228 229 230 231 232 233 234 235 236 237 238 239 240 241 242 243 244 246 247 248 249 250 251 252 253 254 255
22 2 6 10 13 25 32 33 35 37 40 41 42 43 44 45 47 49 56 57 59 61 64 65 67 69 72 73 74 75 76 77 79 81 88 89 91 93 96 97 98 99 100 101 103 104 105 106 107 108 109 110 111 112 113 115 117 120 121 122 123 124 125 127 128 129 131 133 136 137 138 139 140 141 143 145 152 153 155 157 160 161 162 163 164 165 167 168 169 170 171 172 173 174 175 176 177 179 181 184 185 186 187 188 189 191 192 193 194 195 196 197 199 200 201 202 203 204 205 206 207 208 209 211 213 216 217 218 219 220 221 223 224 225 226 227 228 229 230 231 232 233 234 235 236 237 238 239 240 241 242 243 244 245 247 248 249 250 251 252 253 254 255
23 2 4 8 15 24 32 33 34 36 40 41 42 43 44 45 46 48 56 57 58 60 64 65 66 68 72 73 74 75 76 77 78 80 88 89 90 92 96 97 98 99 100 101 102 104 105 106 107 108 109 110 111 112 113 114 116 120 121 122 123 124 125 126 128 129 130 132 136 137 138 139 140 141 142 144 152 153 154 156 160 161 162 163 164 165 166 168 169 170 171 172 173 174 175 176 177 178 180 184 185 186 187 188 189 190 192 193 194 195 196 197 198 200 201 202 203 204 205 206 207 208 209 210 212 216 217 218 219 220 221 222 224 225 226 227 228 229 230 231 232 233 234 235 236 237 238 239 240 241 242 243 244 245 246 248 249 250 251 252 253 254 255
31 7 11 13 15 16 32 33 34 35 36 37 38 40 41 42 44 48 49 50 52 56 64 65 66 67 68 69 70 72 73 74 76 80 81 82 84 88 96 97 98 99 100 101 102 103 104 105 106 107 108 109 110 112 113 114 115 116 117 118 120 121 122 124 128 129 130 131 132 133 134 136 137 138 140 144 145 146 148 152 160 161 162 163 164 165 166 167 168 169 170 171 172 173 174 176 177 178 179 180 181 182 184 185 186 188 192 193 194 195 196 197 198 199 200 201 202 203 204 205 206 208 209 210 211 212 213 214 216 217 218 220 224 225 226 227 228 229 230 231 232 233 234 235 236 237 238 239 240 241 242 243 244 245 246 247 248 249 250 251 252 253 254
35 7 8 10 12 16 20 24 25 26 28 29 30 44 52 56 60 61 62 64 68 69 70 72 73 74 76 77 78 79 80 81 82 84 85 86 87 88 89 90 91 92 93 94 95 100 104 108 109 110 112 116 117 118 120 121 122 124 125 126 127 128 132 133 134 136 137 138 140 141 142 143 144 145 146 148 149 150 151 152 153 154 155 156 157 158 159 164 168 172 173 174 176 180 181 182 184 185 186 188 189 190 191 192 193 194 196 197 198 199 200 201 202 203 204 205 206 207 208 209 210 211 212 213 214 215 216 217 218 219 220 221 222 223 224 228 229 230 232 233 234 236 237 238 239 240 241 242 244 245 246 247 248 249 250 251 252 253 254 255
37 4 6 11 12 16 18 24 25 26 27 28 30 42 50 56 58 59 62 64 66 67 70 72 73 74 75 76 78 79 80 81 82 83 84 86 87 88 89 90 91 92 93 94 95 98 104 106 107 110 112 114 115 118 120 121 122 123 124 126 127 128 130 131 134 136 137 138 139 140 142 143 144 145 146 147 148 150 151 152 153 154 155 156 157 158 159 162 168 170 171 174 176 178 179 182 184 185 186 187 188 190 191 192 193 194 195 196 198 199 200 201 202 203 204 205 206 207 208 209 210 211 212 213 214 215 216 217 218 219 220 221 222 223 224 226 227 230 232 233 234 235 236 238 239 240 241 242 243 244 246 247 248 249 250 251 252 253 254 255
38 2 6 10 13 16 17 24 25 26 27 28 29 41 49 56 57 59 61 64 65 67 69 72 73 74 75 76 77 79 80 81 82 83 84 85 87 88 89 90 91 92 93 94 95 97 104 105 107 109 112 113 115 117 120 121 122 123 124 125 127 128 129 131 133 136 137 138 139 140 141 143 144 145 146 147 148 149 151 152 153 154 155 156 157 158 159 161 168 169 171 173 176 177 179 181 184 185 186 187 188 189 191 192 193 194 195 196 197 199 200 201 202 203 204 205 206 207 208 209 210 211 212 213 214 215 216 217 218 219 220 221 222 223 224 225 227 229 232 233 234 235 236 237 239 240 241 242 243 244 245 247 248 249 250 251 252 253 254 255
39 2 4 8 15 16 17 18 20 24 25 26 27 28 29 30 40 48 56 57 58 60 64 65 66 68 72 73 74 75 76 77 78 80 81 82 83 84 85 86 88 89 90 91 92 93 94 95 96 104 105 106 108 112 113 114 116 120 121 122 123 124 125 126 128 129 130 132 136 137 138 139 140 141 142 144 145 146 147 148 149 150 152 153 154 155 156 157 158 159 160 168 169 170 172 176 177 178 180 184 185 186 187 188 189 190 192 193 194 195 196 197 198 200 201 202 203 204 205 206 207 208 209 210 211 212 213 214 215 216 217 218 219 220 221 222 223 224 225 226 228 232 233 234 235 236 237 238 240 241 242 243 244 245 246 248 249 250 251 252 253 254 255
47 7 11 13 15 16 17 18 20 24 25 26 28 32 48 49 50 52 56 64 65 66 67 68 69 70 72 73 74 76 80 81 82 83 84 85 86 87 88 89 90 91 92 93 94 96 97 98 100 104 112 113 114 115 116 117 118 120 121 122 124 128 129 130 131 132 133 134 136 137 138 140 144 145 146 147 148 149 150 151 152 153 154 155 156 157 158 160 161 162 164 168 176 177 178 179 180 181 182 184 185 186 188 192 193 194 195 196 197 198 199 200 201 202 203 204 205 206 208 209 210 211 212 213 214 215 216 217 218 219 220 221 222 223 224 225 226 227 228 229 230 232 233 234 236 240 241 242 243 244 245 246 247 248 249 250 251 252 253 254
49 3 4 6 7 8 10 11 12 14 26 28 30 42 44 46 62 64 66 67 68 69 70 71 72 73 74 75 76 77 78 79 82 84 86 87 88 90 91 92 93 94 95 98 100 102 103 104 106 107 108 109 110 111 118 122 124 126 127 128 130 131 132 133 134 135 136 137 138 139 140 141 142 143 146 148 150 151 152 154 155 156 157 158 159 162 164 166 167 168 170 171 172 173 174 175 182 186 188 190 191 192 193 194 195 196 197 198 199 200 201 202 203 204 205 206 207 208 210 211 212 213 214 215 216 217 218 219 220 221 222 223 224 226 227 228 229 230 231 232 233 234 235 236 237 238 239 242 244 246 247 248 250 251 252 253 254 255
50 2 5 6 7 8 10 12 13 14 25 28 29 41 44 45 61 64 65 67 68 69 70 71 72 73 74 75 76 77 78 79 81 84 85 87 88 89 91 92 93 94 95 97 100 101 103 104 105 107 108 109 110 111 117 121 124 125 127 128 129 131 132 133 134 135 136 137 138 139 140 141 142 143 145 148 149 151 152 153 155 156 157 158 159 161 164 165 167 168 169 171 172 173 174 175 181 185 188 189 191 192 193 194 195 196 197 198 199 200 201 202 203 204 205 206 207 208 209 211 212 213 214 215 216 217 218 219 220 221 222 223 224 225 227 228 229 230 231 232 233 234 235 236 237 238 239 241 244 245 247 248 249 251 252 253 254 255
51 2 3 4 5 7 8 10 12 14 15 20 24 28 29 30 36 40 44 45 46 60 64 65 66 68 69 70 71 72 73 74 75 76 77 78 79 80 84 85 86 88 89 90 92 93 94 95 96 100 101 102 104 105 106 108 109 110 111 116 120 124 125 126 128 129 130 132 133 134 135 136 137 138 139 140 141 142 143 144 148 149 150 152 153 154 156 157 158 159 160 164 165 166 168 169 170 172 173 174 175 180 184 188 189 190 192 193 194 195 196 197 198 199 200 201 202 203 204 205 206 207 208 209 210 212 213 214 215 216 217 218 219 220 221 222 223 224 225 226 228 229 230 231 232 233 234 235 236 237 238 239 240 244 245 246 248 249 250 252 253 254 255
52 2 4 6 9 10 11 12 13 14 25 26 27 41 42 43 59 64 65 66 67 69 70 71 72 73 74 75 76 77 78 79 81 82 83 87 88 89 90 91 93 94 95 97 98 99 103 104 105 106 107 109 110 111 115 121 122 123 127 128 129 130 131 133 134 135 136 137 138 139 140 141 142 143 145 146 147 151 152 153 154 155 157 158 159 161 162 163 167 168 169 170 171 173 174 175 179 185 186 187 191 192 193 194 195 196 197 198 199 200 201 202 203 204 205 206 207 208 209 210 211 213 214 215 216 217 218 219 220 221 222 223 224 225 226 227 229 230 231 232 233 234 235 236 237 238 239 241 242 243 247 248 249 250 251 253 254 255
53 2 3 4 6 8 9 11 12 14 15 18 24 26 27 30 34 40 42 43 46 58 64 65 66 67 68 70 71 72 73 74 75 76 77 78 79 80 82 83 86 88 89 90 91 92 94 95 96 98 99 102 104 105 106 107 108 110 111 114 120 122 123 126 128 129 130 131 132 134 135 136 137 138 139 140 141 142 143 144 146 147 150 152 153 154 155 156 158 159 160 162 163 166 168 169 170 171 172 174 175 178 184 186 187 190 192 193 194 195 196 197 198 199 200 201 202 203 204 205 206 207 208 209 210 211 212 214 215 216 217 218 219 220 221 222 223 224 225 226 227 228 230 231 232 233 234 235 236 237 238 239 240 242 243 246 248 249 250 251 252 254 255
54 2 4 5 6 8 9 10 13 14 15 17 24 25 27 29 33 40 41 43 45 57 64 65 66 67 68 69 71 72 73 74 75 76 77 78 79 80 81 83 85 88 89 90 91 92 93 95 96 97 99 101 104 105 106 107 108 109 111 113 120 121 123 125 128 129 130 131 132 133 135 136 137 138 139 140 141 142 143 144 145 147 149 152 153 154 155 156 157 159 160 161 163 165 168 169 170 171 172 173 175 177 184 185 187 189 192 193 194 195 196 197 198 199 200 201 202 203 204 205 206 207 208 209 210 211 212 213 215 216 217 218 219 220 221 222 223 224 225 226 227 228 229 231 232 233 234 235 236 237 238 239 240 241 243 245 248 249 250 251 252 253 255
55 2 4 6 7 8 10 11 12 13 15 16 24 25 26 28 32 40 41 42 44 56 64 65 66 67 68 69 70 72 73 74 75 76 77 78 79 80 81 82 84 88 89 90 91 92 93 94 96 97 98 100 104 105 106 107 108 109 110 112 120 121 122 124 128 129 130 131 132 133 134 136 137 138 139 140 141 142 143 144 145 146 148 152 153 154 155 156 157 158 160 161 162 164 168 169 170 171 172 173 174 176 184 185 186 188 192 193 194 195 196 197 198 199 200 201 202 203 204 205 206 207 208 209 210 211 212 213 214 216 217 218 219 220 221 222 223 224 225 226 227 228 229 230 232 233 234 235 236 237 238 239 240 241 242 244 248 249 250 251 252 253 254
59 3 5 7 8 10 11 12 13 15 16 20 28 32 36 44 64 65 66 67 68 69 70 71 72 73 74 76 77 78 79 80 81 82 84 85 86 87 88 92 93 94 96 97 98 100 101 102 103 104 108 109 110 112 116 117 118 124 128 129 130 131 132 133 134 135 136 137 138 140 141 142 143 144 145 146 148 149 150 151 152 156 157 158 160 161 162 164 165 166 167 168 172 173 174 176 180 181 182 188 192 193 194 195 196 197 198 199 200 201 202 203 204 205 206 207 208 209 210 211 212 213 214 215 216 217 218 220 221 222 223 224 225 226 227 228 229 230 231 232 233 234 236 237 238 239 240 241 242 244 245 246 247 248 252 253 254
61 3 4 6 7 9 11 12 13 15 16 18 26 32 34 42 64 65 66 67 68 69 70 71 72 73 74 75 76 78 79 80 81 82 83 84 86 87 88 90 91 94 96 97 98 99 100 102 103 104 106 107 110 112 114 115 118 122 128 129 130 131 132 133 134 135 136 137 138 139 140 142 143 144 145 146 147 148 150 151 152 154 155 158 160 161 162 163 164 166 167 168 170 171 174 176 178 179 182 186 192 193 194 195 196 197 198 199 200 201 202 203 204 205 206 207 208 209 210 211 212 213 214 215 216 217 218 219 220 222 223 224 225 226 227 228 229 230 231 232 233 234 235 236 238 239 240 241 242 243 244 246 247 248 250 251 254
62 2 5 6 7 9 10 11 13 15 16 17 25 32 33 41 64 65 66 67 68 69 70 71 72 73 74 75 76 77 79 80 81 82 83 84 85 87 88 89 91 93 96 97 98 99 100 101 103 104 105 107 109 112 113 115 117 121 128 129 130 131 132 133 134 135 136 137 138 139 140 141 143 144 145 146 147 148 149 151 152 153 155 157 160 161 162 163 164 165 167 168 169 171 173 176 177 179 181 185 192 193 194 195 196 197 198 199 200 201 202 203 204 205 206 207 208 209 210 211 212 213 214 215 216 217 218 219 220 221 223 224 225 226 227 228 229 230 231 232 233 234 235 236 237 239 240 241 242 243 244 245 247 248 249 251 253
63 2 3 4 5 7 8 9 11 13 15 16 17 18 20 24 32 33 34 36 40 48 64 65 66 67 68 69 70 71 72 73 74 75 76 77 78 80 81 82 83 84 85 86 88 89 90 92 96 97 98 99 100 101 102 104 105 106 108 112 113 114 116 120 128 129 130 131 132 133 134 135 136 137 138 139 140 141 142 144 145 146 147 148 149 150 152 153 154 156 160 161 162 163 164 165 166 168 169 170 172 176 177 178 180 184 192 193 194 195 196 197 198 199 200 201 202 203 204 205 206 207 208 209 210 211 212 213 214 215 216 217 218 219 220 221 222 224 225 226 227 228 229 230 231 232 233 234 235 236 237 238 240 241 242 243 244 245 246 248 249 250 252
67 7 8 10 12 16 20 24 25 26 28 29 30 32 36 40 41 42 44 45 46 48 56 57 58 60 76 84 88 92 93 94 100 104 108 109 110 112 116 117 118 120 121 122 124 125 126 127 128 132 133 134 136 137 138 140 141 142 143 144 145 146 148 149 150 151 152 153 154 155 156 157 158 159 160 161 162 164 165 166 167 168 169 170 171 172 173 174 175 176 177 178 179 180 181 182 183 184 185 186 187 188 189 190 191 196 200 204 205 206 208 212 213 214 216 217 218 220 221 222 223 224 228 229 230 232 233 234 236 237 238 239 240 241 242 244 245 246 247 248 249 250 251 252 253 254 255
69 4 6 11 12 16 18 24 25 26 27 28 30 32 34 40 41 42 43 44 46 48 56 57 58 60 74 82 88 90 91 94 98 104 106 107 110 112 114 115 118 120 121 122 123 124 126 127 128 130 131 134 136 137 138 139 140 142 143 144 145 146 147 148 150 151 152 153 154 155 156 157 158 159 160 161 162 163 164 166 167 168 169 170 171 172 173 174 175 176 177 178 179 180 181 182 183 184 185 186 187 188 189 190 191 194 200 202 203 206 208 210 211 214 216 217 218 219 220 222 223 224 226 227 230 232 233 234 235 236 238 239 240 241 242 243 244 246 247 248 249 250 251 252 253 254 255
70 2 6 10 13 16 17 24 25 26 27 28 29 32 33 40 41 42 43 44 45 48 56 57 58 60 73 81 88 89 91 93 97 104 105 107 109 112 113 115 117 120 121 122 123 124 125 127 128 129 131 133 136 137 138 139 140 141 143 144 145 146 147 148 149 151 152 153 154 155 156 157 158 159 160 161 162 163 164 165 167 168 169 170 171 172 173 174 175 176 177 178 179 180 181 182 183 184 185 186 187 188 189 190 191 193 200 201 203 205 208 209 211 213 216 217 218 219 220 221 223 224 225 227 229 232 233 234 235 236 237 239 240 241 242 243 244 245 247 248 249 250 251 252 253 254 255
71 2 4 8 15 16 17 18 20 24 25 26 27 28 29 30 32 33 34 36 40 41 42 43 44 45 46 48 56 57 58 60 72 80 88 89 90 92 96 104 105 106 108 112 113 114 116 120 121 122 123 124 125 126 128 129 130 132 136 137 138 139 140 141 142 144 145 146 147 148 149 150 152 153 154 155 156 157 158 159 160 161 162 163 164 165 166 168 169 170 171 172 173 174 175 176 177 178 179 180 181 182 183 184 185 186 187 188 189 190 191 192 200 201 202 204 208 209 210 212 216 217 218 219 220 221 222 224 225 226 228 232 233 234 235 236 237 238 240 241 242 243 244 245 246 248 249 250 251 252 253 254 255
79 7 11 13 15 16 17 18 20 24 25 26 28 32 33 34 36 40 41 42 44 48 56 57 58 60 64 80 81 82 84 88 96 97 98 100 104 112 113 114 115 116 117 118 120 121 122 124 128 129 130 131 132 133 134 136 137 138 140 144 145 146 147 148 149 150 151 152 153 154 155 156 157 158 160 161 162 163 164 165 166 167 168 169 170 171 172 173 174 176 177 178 179 180 181 182 183 184 185 186 187 188 189 190 191 192 193 194 196 200 208 209 210 211 212 213 214 216 217 218 220 224 225 226 227 228 229 230 232 233 234 236 240 241 242 243 244 245 246 247 248 249 250 251 252 253 254
81 3 4 6 7 8 10 11 12 14 26 28 30 32 34 36 40 41 42 43 44 45 46 56 58 60 74 76 78 94 98 100 102 103 104 106 107 108 109 110 111 118 122 124 126 127 128 130 131 132 133 134 135 136 137 138 139 140 141 142 143 146 148 150 151 152 154 155 156 157 158 159 160 161 162 163 164 165 166 167 168 169 170 171 172 173 174 175 176 178 179 180 181 182 183 184 185 186 187 188 189 190 191 194 196 198 199 200 202 203 204 205 206 207 214 218 220 222 223 224 226 227 228 229 230 231 232 233 234 235 236 237 238 239 242 244 246 247 248 250 251 252 253 254 255
82 2 5 6 7 8 10 12 13 14 25 28 29 32 33 36 40 41 42 43 44 45 46 56 57 60 73 76 77 93 97 100 101 103 104 105 107 108 109 110 111 117 121 124 125 127 128 129 131 132 133 134 135 136 137 138 139 140 141 142 143 145 148 149 151 152 153 155 156 157 158 159 160 161 162 163 164 165 166 167 168 169 170 171 172 173 174 175 176 177 179 180 181 182 183 184 185 186 187 188 189 190 191 193 196 197 199 200 201 203 204 205 206 207 213 217 220 221 223 224 225 227 228 229 230 231 232 233 234 235 236 237 238 239 241 244 245 247 248 249 251 252 253 254 255
83 2 3 4 5 7 8 10 12 14 15 20 24 28 29 30 32 33 34 36 40 41 42 43 44 45 46 48 56 57 58 60 68 72 76 77 78 92 96 100 101 102 104 105 106 108 109 110 111 116 120 124 125 126 128 129 130 132 133 134 135 136 137 138 139 140 141 142 143 144 148 149 150 152 153 154 156 157 158 159 160 161 162 163 164 165 166 167 168 169 170 171 172 173 174 175 176 177 178 180 181 182 183 184 185 186 187 188 189 190 191 192 196 197 198 200 201 202 204 205 206 207 212 216 220 221 222 224 225 226 228 229 230 231 232 233 234 235 236 237 238 239 240 244 245 246 248 249 250 252 253 254 255
84 2 4 6 9 10 11 12 13 14 25 26 27 32 33 34 40 41 42 43 44 45 46 56 57 58 73 74 75 91 97 98 99 103 104 105 106 107 109 110 111 115 121 122 123 127 128 129 130 131 133 134 135 136 137 138 139 140 141 142 143 145 146 147 151 152 153 154 155 157 158 159 160 161 162 163 164 165 166 167 168 169 170 171 172 173 174 175 176 177 178 179 181 182 183 184 185 186 187 188 189 190 191 193 194 195 199 200 201 202 203 205 206 207 211 217 218 219 223 224 225 226 227 229 230 231 232 233 234 235 236 237 238 239 241 242 243 247 248 249 250 251 253 254 255
85 2 3 4 6 8 9 11 12 14 15 18 24 26 27 30 32 33 34 36 40 41 42 43 44 45 46 48 56 57 58 60 66 72 74 75 78 90 96 98 99 102 104 105 106 107 108 110 111 114 120 122 123 126 128 129 130 131 132 134 135 136 137 138 139 140 141 142 143 144 146 147 150 152 153 154 155 156 158 159 160 161 162 163 164 165 166 167 168 169 170 171 172 173 174 175 176 177 178 179 180 182 183 184 185 186 187 188 189 190 191 192 194 195 198 200 201 202 203 204 206 207 210 216 218 219 222 224 225 226 227 228 230 231 232 233 234 235 236 237 238 239 240 242 243 246 248 249 250 251 252 254 255
86 2 4 5 6 8 9 10 13 14 15 17 24 25 27 29 32 33 34 36 40 41 42 43 44 45 46 48 56 57 58 60 65 72 73 75 77 89 96 97 99 101 104 105 106 107 108 109 111 113 120 121 123 125 128 129 130 131 132 133 135 136 137 138 139 140 141 142 143 144 145 147 149 152 153 154 155 156 157 159 160 161 162 163 164 165 166 167 168 169 170 171 172 173 174 175 176 177 178 179 180 181 183 184 185 186 187 188 189 190 191 192 193 195 197 200 201 202 203 204 205 207 209 216 217 219 221 224 225 226 227 228 229 231 232 233 234 235 236 237 238 239 240 241 243 245 248 249 250 251 252 253 255
87 2 4 6 7 8 10 11 12 13 15 16 24 25 26 28 32 33 34 36 40 41 42 43 44 45 46 48 56 57 58 60 64 72 73 74 76 88 96 97 98 100 104 105 106 107 108 109 110 112 120 121 122 124 128 129 130 131 132 133 134 136 137 138 139 140 141 142 143 144 145 146 148 152 153 154 155 156 157 158 160 161 162 163 164 165 166 167 168 169 170 171 172 173 174 175 176 177 178 179 180 181 182 184 185 186 187 188 189 190 191 192 193 194 196 200 201 202 203 204 205 206 208 216 217 218 220 224 225 226 227 228 229 230 232 233 234 235 236 237 238 239 240 241 242 244 248 249 250 251 252 253 254
91 3 5 7 8 10 11 12 13 15 16 20 28 32 33 34 36 40 41 42 44 45 46 48 56 60 64 68 76 96 97 98 100 101 102 103 104 108 109 110 112 116 117 118 124 128 129 130 131 132 133 134 135 136 137 138 140 141 142 143 144 145 146 148 149 150 151 152 156 157 158 160 161 162 163 164 165 166 167 168 169 170 171 172 173 174 175 176 177 178 179 180 181 182 183 184 185 186 188 189 190 191 192 193 194 196 197 198 199 200 204 205 206 208 212 213 214 220 224 225 226 227 228 229 230 231 232 233 234 236 237 238 239 240 241 242 244 245 246 247 248 252 253 254
93 3 4 6 7 9 11 12 13 15 16 18 26 32 33 34 36 40 41 42 43 44 46 48 56 58 64 66 74 96 97 98 99 100 102 103 104 106 107 110 112 114 115 118 122 128 129 130 131 132 133 134 135 136 137 138 139 140 142 143 144 145 146 147 148 150 151 152 154 155 158 160 161 162 163 164 165 166 167 168 169 170 171 172 173 174 175 176 177 178 179 180 181 182 183 184 185 186 187 188 190 191 192 193 194 195 196 198 199 200 202 203 206 208 210 211 214 218 224 225 226 227 228 229 230 231 232 233 234 235 236 238 239 240 241 242 243 244 246 247 248 250 251 254
94 2 5 6 7 9 10 11 13 15 16 17 25 32 33 34 36 40 41 42 43 44 45 48 56 57 64 65 73 96 97 98 99 100 101 103 104 105 107 109 112 113 115 117 121 128 129 130 131 132 133 134 135 136 137 138 139 140 141 143 144 145 146 147 148 149 151 152 153 155 157 160 161 162 163 164 165 166 167 168 169 170 171 172 173 174 175 176 177 178 179 180 181 182 183 184 185 186 187 188 189 191 192 193 194 195 196 197 199 200 201 203 205 208 209 211 213 217 224 225 226 227 228 229 230 231 232 233 234 235 236 237 239 240 241 242 243 244 245 247 248 249 251 253
95 2 3 4 5 7 8 9 11 13 15 16 17 18 20 24 32 33 34 36 40 41 42 43 44 45 46 48 56 57 58 60 64 65 66 68 72 80 96 97 98 99 100 101 102 104 105 106 108 112 113 114 116 120 128 129 130 131 132 133 134 135 136 137 138 139 140 141 142 144 145 146 147 148 149 150 152 153 154 156 160 161 162 163 164 165 166 167 168 169 170 171 172 173 174 175 176 177 178 179 180 181 182 183 184 185 186 187 188 189 190 192 193 194 195 196 197 198 200 201 202 204 208 209 210 212 216 224 225 226 227 228 229 230 231 232 233 234 235 236 237 238 240 241 242 243 244 245 246 248 249 250 252
97 3 4 6 7 8 10 11 12 14 16 18 20 24 25 26 27 28 29 30 42 44 46 56 58 60 74 76 78 88 90 92 110 118 122 124 126 127 128 130 131 132 133 134 135 136 137 138 139 140 141 142 143 144 145 146 147 148 149 150 151 152 153 154 155 156 157 158 159 162 164 166 167 168 170 171 172 173 174 175 176 178 179 180 181 182 183 184 185 186 187 188 189 190 191 194 196 198 199 200 202 203 204 205 206 207 208 210 211 212 213 214 215 216 217 218 219 220 221 222 223 230 234 236 238 239 242 244 246 247 248 250 251 252 253 254 255
98 2 5 6 7 8 10 12 13 14 16 17 20 24 25 26 27 28 29 30 41 44 45 56 57 60 73 76 77 88 89 92 109 117 121 124 125 127 128 129 131 132 133 134 135 136 137 138 139 140 141 142 143 144 145 146 147 148 149 150 151 152 153 154 155 156 157 158 159 161 164 165 167 168 169 171 172 173 174 175 176 177 179 180 181 182 183 184 185 186 187 188 189 190 191 193 196 197 199 200 201 203 204 205 206 207 208 209 211 212 213 214 215 216 217 218 219 220 221 222 223 229 233 236 237 239 241 244 245 247 248 249 251 252 253 254 255
99 2 3 4 5 7 8 10 12 14 15 16 17 18 20 24 25 26 27 28 29 30 36 40 44 45 46 48 56 57 58 60 68 72 76 77 78 80 88 89 90 92 108 116 120 124 125 126 128 129 130 132 133 134 135 136 137 138 139 140 141 142 143 144 145 146 147 148 149 150 151 152 153 154 155 156 157 158 159 160 164 165 166 168 169 170 172 173 174 175 176 177 178 180 181 182 183 184 185 186 187 188 189 190 191 192 196 197 198 200 201 202 204 205 206 207 208 209 210 212 213 214 215 216 217 218 219 220 221 222 223 228 232 236 237 238 240 244 245 246 248 249 250 252 253 254 255
100 2 4 6 9 10 11 12 13 14 16 17 18 24 25 26 27 28 29 30 41 42 43 56 57 58 73 74 75 88 89 90 107 115 121 122 123 127 128 129 130 131 133 134 135 136 137 138 139 140 141 142 143 144 145 146 147 148 149 150 151 152 153 154 155 156 157 158 159 161 162 163 167 168 169 170 171 173 174 175 176 177 178 179 181 182 183 184 185 186 187 188 189 190 191 193 194 195 199 200 201 202 203 205 206 207 208 209 210 211 213 214 215 216 217 218 219 220 221 222 223 227 233 234 235 239 241 242 243 247 248 249 250 251 253 254 255
101 2 3 4 6 8 9 11 12 14 15 16 17 18 20 24 25 26 27 28 29 30 34 40 42 43 46 48 56 57 58 60 66 72 74 75 78 80 88 89 90 92 106 114 120 122 123 126 128 129 130 131 132 134 135 136 137 138 139 140 141 142 143 144 145 146 147 148 149 150 151 152 153 154 155 156 157 158 159 160 162 163 166 168 169 170 171 172 174 175 176 177 178 179 180 182 183 184 185 186 187 188 189 190 191 192 194 195 198 200 201 202 203 204 206 207 208 209 210 211 212 214 215 216 217 218 219 220 221 222 223 226 232 234 235 238 240 242 243 246 248 249 250 251 252 254 255
102 2 4 5 6 8 9 10 13 14 15 16 17 18 20 24 25 26 27 28 29 30 33 40 41 43 45 48 56 57 58 60 65 72 73 75 77 80 88 89 90 92 105 113 120 121 123 125 128 129 130 131 132 133 135 136 137 138 139 140 141 142 143 144 145 146 147 148 149 150 151 152 153 154 155 156 157 158 159 160 161 163 165 168 169 170 171 172 173 175 176 177 178 179 180 181 183 184 185 186 187 188 189 190 191 192 193 195 197 200 201 202 203 204 205 207 208 209 210 211 212 213 215 216 217 218 219 220 221 222 223 225 232 233 235 237 240 241 243 245 248 249 250 251 252 253 255
103 2 4 6 7 8 10 11 12 13 15 16 17 18 20 24 25 26 27 28 29 30 32 40 41 42 44 48 56 57 58 60 64 72 73 74 76 80 88 89 90 92 104 112 120 121 122 124 128 129 130 131 132 133 134 136 137 138 139 140 141 142 143 144 145 146 147 148 149 150 151 152 153 154 155 156 157 158 159 160 161 162 164 168 169 170 171 172 173 174 176 177 178 179 180 181 182 184 185 186 187 188 189 190 191 192 193 194 196 200 201 202 203 204 205 206 208 209 210 211 212 213 214 216 217 218 219 220 221 222 223 224 232 233 234 236 240 241 242 244 248 249 250 251 252 253 254
107 3 5 7 8 10 11 12 13 15 16 17 18 20 24 25 26 28 29 30 32 36 44 48 56 60 64 68 76 80 88 92 112 116 117 118 124 128 129 130 131 132 133 134 135 136 137 138 140 141 142 143 144 145 146 147 148 149 150 151 152 153 154 155 156 157 158 159 160 161 162 164 165 166 167 168 172 173 174 176 177 178 179 180 181 182 183 184 185 186 188 189 190 191 192 193 194 196 197 198 199 200 204 205 206 208 209 210 211 212 213 214 215 216 217 218 220 221 222 223 224 228 229 230 236 240 241 242 244 245 246 247 248 252 253 254
109 3 4 6 7 9 11 12 13 15 16 17 18 20 24 25 26 27 28 30 32 34 42 48 56 58 64 66 74 80 88 90 112 114 115 118 122 128 129 130 131 132 133 134 135 136 137 138 139 140 142 143 144 145 146 147 148 149 150 151 152 153 154 155 156 157 158 159 160 161 162 163 164 166 167 168 170 171 174 176 177 178 179 180 181 182 183 184 185 186 187 188 190 191 192 193 194 195 196 198 199 200 202 203 206 208 209 210 211 212 213 214 215 216 217 218 219 220 222 223 224 226 227 230 234 240 241 242 243 244 246 247 248 250 251 254
110 2 5 6 7 9 10 11 13 15 16 17 18 20 24 25 26 27 28 29 32 33 41 48 56 57 64 65 73 80 88 89 112 113 115 117 121 128 129 130 131 132 133 134 135 136 137 138 139 140 141 143 144 145 146 147 148 149 150 151 152 153 154 155 156 157 158 159 160 161 162 163 164 165 167 168 169 171 173 176 177 178 179 180 181 182 183 184 185 186 187 188 189 191 192 193 194 195 196 197 199 200 201 203 205 208 209 210 211 212 213 214 215 216 217 218 219 220 221 223 224 225 227 229 233 240 241 242 243 244 245 247 248 249 251 253
111 2 3 4 5 7 8 9 11 13 15 16 17 18 20 24 25 26 27 28 29 30 32 33 34 36 40 48 56 57 58 60 64 65 66 68 72 80 88 89 90 92 96 112 113 114 116 120 128 129 130 131 132 133 134 135 136 137 138 139 140 141 142 144 145 146 147 148 149 150 151 152 153 154 155 156 157 158 159 160 161 162 163 164 165 166 168 169 170 172 176 177 178 179 180 181 182 183 184 185 186 187 188 189 190 192 193 194 195 196 197 198 200 201 202 204 208 209 210 211 212 213 214 215 216 217 218 219 220 221 222 224 225 226 228 232 240 241 242 243 244 245 246 248 249 250 252
112 2 3 4 5 6 7 8 9 10 11 12 13 14 25 26 27 28 29 30 41 42 43 44 45 46 73 74 75 76 77 78 127 128 129 130 131 132 133 134 135 136 137 138 139 140 141 142 143 145 146 147 148 149 150 151 152 153 154 155 156 157 158 159 161 162 163 164 165 166 167 168 169 170 171 172 173 174 175 179 181 182 183 185 186 187 188 189 190 191 193 194 195 196 197 198 199 200 201 202 203 204 205 206 207 211 213 214 215 217 218 219 220 221 222 223 227 229 230 231 233 234 235 236 237 238 239 247 251 253 254 255
113 2 3 4 5 6 7 8 9 10 11 12 14 15 18 20 24 26 27 28 29 30 34 36 40 42 43 44 45 46 58 60 66 68 72 74 75 76 77 78 90 92 106 108 126 128 129 130 131 132 133 134 135 136 137 138 139 140 141 142 143 144 146 147 148 149 150 151 152 153 154 155 156 157 158 159 160 162 163 164 165 166 167 168 169 170 171 172 173 174 175 178 180 182 183 184 186 187 188 189 190 191 192 194 195 196 197 198 199 200 201 202 203 204 205 206 207 210 212 214 215 216 218 219 220 221 222 223 226 228 230 231 232 234 235 236 237 238 239 246 250 252 254 255
114 2 3 4 5 6 7 8 9 10 12 13 14 15 17 20 24 25 27 28 29 30 33 36 40 41 43 44 45 46 57 60 65 68 72 73 75 76 77 78 89 92 105 108 125 128 129 130 131 132 133 134 135 136 137 138 139 140 141 142 143 144 145 147 148 149 150 151 152 153 154 155 156 157 158 159 160 161 163 164 165 166 167 168 169 170 171 172 173 174 175 177 180 181 183 184 185 187 188 189 190 191 192 193 195 196 197 198 199 200 201 202 203 204 205 206 207 209 212 213 215 216 217 219 220 221 222 223 225 228 229 231 232 233 235 236 237 238 239 245 249 252 253 255
115 2 3 4 5 6 7 8 10 11 12 13 14 15 16 20 24 25 26 28 29 30 32 36 40 41 42 44 45 46 56 60 64 68 72 73 74 76 77 78 88 92 104 108 124 128 129 130 131 132 133 134 135 136 137 138 139 140 141 142 143 144 145 146 148 149 150 151 152 153 154 155 156 157 158 159 160 161 162 164 165 166 167 168 169 170 171 172 173 174 175 176 180 181 182 184 185 186 188 189 190 191 192 193 194 196 197 198 199 200 201 202 203 204 205 206 207 208 212 213 214 216 217 218 220 221 222 223 224 228 229 230 232 233 234 236 237 238 239 244 248 252 253 254
116 2 3 4 5 6 8 9 10 11 12 13 14 15 17 18 24 25 26 27 29 30 33 34 40 41 42 43 45 46 57 58 65 66 72 73 74 75 77 78 89 90 105 106 123 128 129 130 131 132 133 134 135 136 137 138 139 140 141 142 143 144 145 146 147 149 150 151 152 153 154 155 156 157 158 159 160 161 162 163 165 166 167 168 169 170 171 172 173 174 175 177 178 179 183 184 185 186 187 189 190 191 192 193 194 195 197 198 199 200 201 202 203 204 205 206 207 209 210 211 215 216 217 218 219 221 222 223 225 226 227 231 232 233 234 235 237 238 239 243 249 250 251 255
117 2 3 4 6 7 8 9 10 11 12 13 14 15 16 18 24 25 26 27 28 30 32 34 40 41 42 43 44 46 56 58 64 66 72 73 74 75 76 78 88 90 104 106 122 128 129 130 131 132 133 134 135 136 137 138 139 140 141 142 143 144 145 146 147 148 150 151 152 153 154 155 156 157 158 159 160 161 162 163 164 166 167 168 169 170 171 172 173 174 175 176 178 179 182 184 185 186 187 188 190 191 192 193 194 195 196 198 199 200 201 202 203 204 205 206 207 208 210 211 214 216 217 218 219 220 222 223 224 226 227 230 232 233 234 235 236 238 239 242 248 250 251 254
118 2 4 5 6 7 8 9 10 11 12 13 14 15 16 17 24 25 26 27 28 29 32 33 40 41 42 43 44 45 56 57 64 65 72 73 74 75 76 77 88 89 104 105 121 128 129 130 131 132 133 134 135 136 137 138 139 140 141 142 143 144 145 146 147 148 149 151 152 153 154 155 156 157 158 159 160 161 162 163 164 165 167 168 169 170 171 172 173 174 175 176 177 179 181 184 185 186 187 188 189 191 192 193 194 195 196 197 199 200 201 202 203 204 205 206 207 208 209 211 213 216 217 218 219 220 221 223 224 225 227 229 232 233 234 235 236 237 239 241 248 249 251 253
119 2 3 4 5 6 7 8 9 10 11 12 13 14 15 16 17 18 20 24 25 26 27 28 29 30 32 33 34 36 40 41 42 43 44 45 46 48 56 57 58 60 64 65 66 68 72 73 74 75 76 77 78 80 88 89 90 92 96 104 105 106 108 120 128 129 130 131 132 133 134 135 136 137 138 139 140 141 142 143 144 145 146 147 148 149 150 152 153 154 155 156 157 158 159 160 161 162 163 164 165 166 168 169 170 171 172 173 174 175 176 177 178 180 184 185 186 187 188 189 190 192 193 194 195 196 197 198 200 201 202 203 204 205 206 207 208 209 210 212 216 217 218 219 220 221 222 224 225 226 228 232 233 234 235 236 237 238 240 248 249 250 252
121 3 4 5 6 7 8 9 10 11 12 13 14 15 16 18 20 26 28 30 32 34 36 42 44 46 64 66 68 74 76 78 128 129 130 131 132 133 134 135 136 137 138 139 140 141 142 143 144 145 146 147 148 149 150 151 152 154 155 156 157 158 159 160 161 162 163 164 165 166 167 168 170 171 172 173 174 175 176 178 179 180 181 182 183 186 188 190 191 192 193 194 195 196 197 198 199 200 202 203 204 205 206 207 208 210 211 212 213 214 215 218 220 222 223 224 226 227 228 229 230 231 234 236 238 239 242 244 246 247 254
122 2 3 5 6 7 8 9 10 11 12 13 14 15 16 17 20 25 28 29 32 33 36 41 44 45 64 65 68 73 76 77 128 129 130 131 132 133 134 135 136 137 138 139 140 141 142 143 144 145 146 147 148 149 150 151 152 153 155 156 157 158 159 160 161 162 163 164 165 166 167 168 169 171 172 173 174 175 176 177 179 180 181 182 183 185 188 189 191 192 193 194 195 196 197 198 199 200 201 203 204 205 206 207 208 209 211 212 213 214 215 217 220 221 223 224 225 227 228 229 230 231 233 236 237 239 241 244 245 247 253
123 2 3 4 5 7 8 9 10 11 12 13 14 15 16 17 18 20 24 28 29 30 32 33 34 36 40 44 45 46 48 60 64 65 66 68 72 76 77 78 80 92 96 108 128 129 130 131 132 133 134 135 136 137 138 139 140 141 142 143 144 145 146 147 148 149 150 151 152 153 154 156 157 158 159 160 161 162 163 164 165 166 167 168 169 170 172 173 174 175 176 177 178 180 181 182 183 184 188 189 190 192 193 194 195 196 197 198 199 200 201 202 204 205 206 207 208 209 210 212 213 214 215 216 220 221 222 224 225 226 228 229 230 231 232 236 237 238 240 244 245 246 252
124 2 3 4 5 6 7 9 10 11 12 13 14 15 16 17 18 25 26 27 32 33 34 41 42 43 64 65 66 73 74 75 128 129 130 131 132 133 134 135 136 137 138 139 140 141 142 143 144 145 146 147 148 149 150 151 152 153 154 155 157 158 159 160 161 162 163 164 165 166 167 168 169 170 171 173 174 175 176 177 178 179 181 182 183 185 186 187 191 192 193 194 195 196 197 198 199 200 201 202 203 205 206 207 208 209 210 211 213 214 215 217 218 219 223 224 225 226 227 229 230 231 233 234 235 239 241 242 243 247 251
125 2 3 4 5 6 7 8 9 11 12 13 14 15 16 17 18 20 24 26 27 30 32 33 34 36 40 42 43 46 48 58 64 65 66 68 72 74 75 78 80 90 96 106 128 129 130 131 132 133 134 135 136 137 138 139 140 141 142 143 144 145 146 147 148 149 150 151 152 153 154 155 156 158 159 160 161 162 163 164 165 166 167 168 169 170 171 172 174 175 176 177 178 179 180 182 183 184 186 187 190 192 193 194 195 196 197 198 199 200 201 202 203 204 206 207 208 209 210 211 212 214 215 216 218 219 222 224 225 226 227 228 230 231 232 234 235 238 240 242 243 246 250
126 2 3 4 5 6 7 8 9 10 11 13 14 15 16 17 18 20 24 25 27 29 32 33 34 36 40 41 43 45 48 57 64 65 66 68 72 73 75 77 80 89 96 105 128 129 130 131 132 133 134 135 136 137 138 139 140 141 142 143 144 145 146 147 148 149 150 151 152 153 154 155 156 157 159 160 161 162 163 164 165 166 167 168 169 170 171 172 173 175 176 177 178 179 180 181 183 184 185 187 189 192 193 194 195 196 197 198 199 200 201 202 203 204 205 207 208 209 210 211 212 213 215 216 217 219 221 224 225 226 227 228 229 231 232 233 235 237 240 241 243 245 249
127 2 3 4 5 6 7 8 9 10 11 12 13 15 16 17 18 20 24 25 26 28 32 33 34 36 40 41 42 44 48 56 64 65 66 68 72 73 74 76 80 88 96 104 128 129 130 131 132 133 134 135 136 137 138 139 140 141 142 143 144 145 146 147 148 149 150 151 152 153 154 155 156 157 158 160 161 162 163 164 165 166 167 168 169 170 171 172 173 174 176 177 178 179 180 181 182 184 185 186 188 192 193 194 195 196 197 198 199 200 201 202 203 204 205 206 208 209 210 211 212 213 214 216 217 218 220 224 225 226 227 228 229 230 232 233 234 236 240 241 242 244 248
131 7 8 10 12 16 20 24 25 26 28 29 30 32 36 40 41 42 44 45 46 48 56 57 58 60 64 68 72 73 74 76 77 78 80 88 89 90 92 96 104 105 106 108 120 140 148 152 156 157 158 164 168 172 173 174 176 180 181 182 184 185 186 188 189 190 191 196 200 204 205 206 208 212 213 214 216 217 218 220 221 222 223 224 228 229 230 232 233 234 236 237 238 239 240 241 242 244 245 246 247 248 249 250 251 252 253 254 255
133 4 6 11 12 16 18 24 25 26 27 28 30 32 34 40 41 42 43 44 46 48 56 57 58 60 64 66 72 73 74 75 76 78 80 88 89 90 92 96 104 105 106 108 120 138 146 152 154 155 158 162 168 170 171 174 176 178 179 182 184 185 186 187 188 190 191 194 200 202 203 206 208 210 211 214 216 217 218 219 220 222 223 224 226 227 230 232 233 234 235 236 238 239 240 241 242 243 244 246 247 248 249 250 251 252 253 254 255
134 2 6 10 13 16 17 24 25 26 27 28 29 32 33 40 41 42 43 44 45 48 56 57 58 60 64 65 72 73 74 75 76 77 80 88 89 90 92 96 104 105 106 108 120 137 145 152 153 155 157 161 168 169 171 173 176 177 179 181 184 185 186 187 188 189 191 193 200 201 203 205 208 209 211 213 216 217 218 219 220 221 223 224 225 227 229 232 233 234 235 236 237 239 240 241 242 243 244 245 247 248 249 250 251 252 253 254 255
135 2 4 8 15 16 17 18 20 24 25 26 27 28 29 30 32 33 34 36 40 41 42 43 44 45 46 48 56 57 58 60 64 65 66 68 72 73 74 75 76 77 78 80 88 89 90 92 96 104 105 106 108 120 136 144 152 153 154 156 160 168 169 170 172 176 177 178 180 184 185 186 187 188 189 190 192 200 201 202 204 208 209 210 212 216 217 218 219 220 221 222 224 225 226 228 232 233 234 235 236 237 238 240 241 242 243 244 245 246 248 249 250 251 252 253 254 255
143 7 11 13 15 16 17 18 20 24 25 26 28 32 33 34 36 40 41 42 44 48 56 57 58 60 64 65 66 68 72 73 74 76 80 88 89 90 92 96 104 105 106 108 120 128 144 145 146 148 152 160 161 162 164 168 176 177 178 179 180 181 182 184 185 186 188 192 193 194 196 200 208 209 210 211 212 213 214 216 217 218 220 224 225 226 227 228 229 230 232 233 234 236 240 241 242 243 244 245 246 247 248 249 250 251 252 253 254
145 3 4 6 7 8 10 11 12 14 26 28 30 32 34 36 40 41 42 43 44 45 46 56 58 60 64 66 68 72 73 74 75 76 77 78 88 90 92 96 104 105 106 108 120 138 140 142 158 162 164 166 167 168 170 171 172 173 174 175 182 186 188 190 191 194 196 198 199 200 202 203 204 205 206 207 214 218 220 222 223 224 226 227 228 229 230 231 232 233 234 235 236 237 238 239 242 244 246 247 248 250 251 252 253 254 255
146 2 5 6 7 8 10 12 13 14 25 28 29 32 33 36 40 41 42 43 44 45 46 56 57 60 64 65 68 72 73 74 75 76 77 78 88 89 92 96 104 105 106 108 120 137 140 141 157 161 164 165 167 168 169 171 172 173 174 175 181 185 188 189 191 193 196 197 199 200 201 203 204 205 206 207 213 217 220 221 223 224 225 227 228 229 230 231 232 233 234 235 236 237 238 239 241 244 245 247 248 249 251 252 253 254 255
147 2 3 4 5 7 8 10 12 14 15 20 24 28 29 30 32 33 34 36 40 41 42 43 44 45 46 48 56 57 58 60 64 65 66 68 72 73 74 75 76 77 78 80 88 89 90 92 96 104 105 106 108 120 132 136 140 141 142 156 160 164 165 166 168 169 170 172 173 174 175 180 184 188 189 190 192 196 197 198 200 201 202 204 205 206 207 212 216 220 221 222 224 225 226 228 229 230 231 232 233 234 235 236 237 238 239 240 244 245 246 248 249 250 252 253 254 255
148 2 4 6 9 10 11 12 13 14 25 26 27 32 33 34 40 41 42 43 44 45 46 56 57 58 64 65 66 72 73 74 75 76 77 78 88 89 90 96 104 105 106 108 120 137 138 139 155 161 162 163 167 168 169 170 171 173 174 175 179 185 186 187 191 193 194 195 199 200 201 202 203 205 206 207 211 217 218 219 223 224 225 226 227 229 230 231 232 233 234 235 236 237 238 239 241 242 243 247 248 249 250 251 253 254 255
149 2 3 4 6 8 9 11 12 14 15 18 24 26 27 30 32 33 34 36 40 41 42 43 44 45 46 48 56 57 58 60 64 65 66 68 72 73 74 75 76 77 78 80 88 89 90 92 96 104 105 106 108 120 130 136 138 139 142 154 160 162 163 166 168 169 170 171 172 174 175 178 184 186 187 190 192 194 195 198 200 201 202 203 204 206 207 210 216 218 219 222 224 225 226 227 228 230 231 232 233 234 235 236 237 238 239 240 242 243 246 248 249 250 251 252 254 255
150 2 4 5 6 8 9 10 13 14 15 17 24 25 27 29 32 33 34 36 40 41 42 43 44 45 46 48 56 57 58 60 64 65 66 68 72 73 74 75 76 77 78 80 88 89 90 92 96 104 105 106 108 120 129 136 137 139 141 153 160 161 163 165 168 169 170 171 172 173 175 177 184 185 187 189 192 193 195 197 200 201 202 203 204 205 207 209 216 217 219 221 224 225 226 227 228 229 231 232 233 234 235 236 237 238 239 240 241 243 245 248 249 250 251 252 253 255
151 2 4 6 7 8 10 11 12 13 15 16 24 25 26 28 32 33 34 36 40 41 42 43 44 45 46 48 56 57 58 60 64 65 66 68 72 73 74 75 76 77 78 80 88 89 90 92 96 104 105 106 108 120 128 136 137 138 140 152 160 161 162 164 168 169 170 171 172 173 174 176 184 185 186 188 192 193 194 196 200 201 202 203 204 205 206 208 216 217 218 220 224 225 226 227 228 229 230 232 233 234 235 236 237 238 239 240 241 242 244 248 249 250 251 252 253 254
155 3 5 7 8 10 11 12 13 15 16 20 28 32 33 34 36 40 41 42 44 45 46 48 56 60 64 65 66 68 72 73 74 76 77 78 80 88 92 96 104 105 106 108 120 128 132 140 160 161 162 164 165 166 167 168 172 173 174 176 180 181 182 188 192 193 194 196 197 198 199 200 204 205 206 208 212 213 214 220 224 225 226 227 228 229 230 231 232 233 234 236 237 238 239 240 241 242 244 245 246 247 248 252 253 254
157 3 4 6 7 9 11 12 13 15 16 18 26 32 33 34 36 40 41 42 43 44 46 48 56 58 64 65 66 68 72 73 74 75 76 78 80 88 90 96 104 105 106 108 120 128 130 138 160 161 162 163 164 166 167 168 170 171 174 176 178 179 182 186 192 193 194 195 196 198 199 200 202 203 206 208 210 211 214 218 224 225 226 227 228 229 230 231 232 233 234 235 236 238 239 240 241 242 243 244 246 247 248 250 251 254
158 2 5 6 7 9 10 11 13 15 16 17 25 32 33 34 36 40 41 42 43 44 45 48 56 57 64 65 66 68 72 73 74 75 76 77 80 88 89 96 104 105 106 108 120 128 129 137 160 161 162 163 164 165 167 168 169 171 173 176 177 179 181 185 192 193 194 195 196 197 199 200 201 203 205 208 209 211 213 217 224 225 226 227 228 229 230 231 232 233 234 235 236 237 239 240 241 242 243 244 245 247 248 249 251 253
159 2 3 4 5 7 8 9 11 13 15 16 17 18 20 24 32 33 34 36 40 41 42 43 44 45 46 48 56 57 58 60 64 65 66 68 72 73 74 75 76 77 78 80 88 89 90 92 96 104 105 106 108 120 128 129 130 132 136 144 160 161 162 163 164 165 166 168 169 170 172 176 177 178 180 184 192 193 194 195 196 197 198 200 201 202 204 208 209 210 212 216 224 225 226 227 228 229 230 231 232 233 234 235 236 237 238 240 241 242 243 244 245 246 248 249 250 252
161 3 4 6 7 8 10 11 12 14 16 18 20 24 25 26 27 28 29 30 42 44 46 56 58 60 64 66 68 72 73 74 75 76 77 78 80 88 89 90 92 104 106 108 120 138 140 142 152 154 156 174 182 186 188 190 191 194 196 198 199 200 202 203 204 205 206 207 208 210 211 212 213 214 215 216 217 218 219 220 221 222 223 230 234 236 238 239 242 244 246 247 248 250 251 252 253 254 255
162 2 5 6 7 8 10 12 13 14 16 17 20 24 25 26 27 28 29 30 41 44 45 56 57 60 64 65 68 72 73 74 75 76 77 78 80 88 89 90 92 104 105 108 120 137 140 141 152 153 156 173 181 185 188 189 191 193 196 197 199 200 201 203 204 205 206 207 208 209 211 212 213 214 215 216 217 218 219 220 221 222 223 229 233 236 237 239 241 244 245 247 248 249 251 252 253 254 255
163 2 3 4 5 7 8 10 12 14 15 16 17 18 20 24 25 26 27 28 29 30 36 40 44 45 46 48 56 57 58 60 64 65 66 68 72 73 74 75 76 77 78 80 88 89 90 92 96 104 105 106 108 120 132 136 140 141 142 144 152 153 154 156 172 180 184 188 189 190 192 196 197 198 200 201 202 204 205 206 207 208 209 210 212 213 214 215 216 217 218 219 220 221 222 223 228 232 236 237 238 240 244 245 246 248 249 250 252 253 254 255
164 2 4 6 9 10 11 12 13 14 16 17 18 24 25 26 27 28 29 30 41 42 43 56 57 58 64 65 66 72 73 74 75 76 77 78 80 88 89 90 92 104 105 106 120 137 138 139 152 153 154 171 179 185 186 187 191 193 194 195 199 200 201 202 203 205 206 207 208 209 210 211 213 214 215 216 217 218 219 220 221 222 223 227 233 234 235 239 241 242 243 247 248 249 250 251 253 254 255
165 2 3 4 6 8 9 11 12 14 15 16 17 18 20 24 25 26 27 28 29 30 34 40 42 43 46 48 56 57 58 60 64 65 66 68 72 73 74 75 76 77 78 80 88 89 90 92 96 104 105 106 108 120 130 136 138 139 142 144 152 153 154 156 170 178 184 186 187 190 192 194 195 198 200 201 202 203 204 206 207 208 209 210 211 212 214 215 216 217 218 219 220 221 222 223 226 232 234 235 238 240 242 243 246 248 249 250 251 252 254 255
166 2 4 5 6 8 9 10 13 14 15 16 17 18 20 24 25 26 27 28 29 30 33 40 41 43 45 48 56 57 58 60 64 65 66 68 72 73 74 75 76 77 78 80 88 89 90 92 96 104 105 106 108 120 129 136 137 139 141 144 152 153 154 156 169 177 184 185 187 189 192 193 195 197 200 201 202 203 204 205 207 208 209 210 211 212 213 215 216 217 218 219 220 221 222 223 225 232 233 235 237 240 241 243 245 248 249 250 251 252 253 255
167 2 4 6 7 8 10 11 12 13 15 16 17 18 20 24 25 26 27 28 29 30 32 40 41 42 44 48 56 57 58 60 64 65 66 68 72 73 74 75 76 77 78 80 88 89 90 92 96 104 105 106 108 120 128 136 137 138 140 144 152 153 154 156 168 176 184 185 186 188 192 193 194 196 200 201 202 203 204 205 206 208 209 210 211 212 213 214 216 217 218 219 220 221 222 223 224 232 233 234 236 240 241 242 244 248 249 250 251 252 253 254
171 3 5 7 8 10 11 12 13 15 16 17 18 20 24 25 26 28 29 30 32 36 44 48 56 60 64 65 66 68 72 73 74 76 77 78 80 88 89 90 92 96 104 108 120 128 132 140 144 152 156 176 180 181 182 188 192 193 194 196 197 198 199 200 204 205 206 208 209 210 211 212 213 214 215 216 217 218 220 221 222 223 224 228 229 230 236 240 241 242 244 245 246 247 248 252 253 254
173 3 4 6 7 9 11 12 13 15 16 17 18 20 24 25 26 27 28 30 32 34 42 48 56 58 64 65 66 68 72 73 74 75 76 78 80 88 89 90 92 96 104 106 120 128 130 138 144 152 154 176 178 179 182 186 192 193 194 195 196 198 199 200 202 203 206 208 209 210 211 212 213 214 215 216 217 218 219 220 222 223 224 226 227 230 234 240 241 242 243 244 246 247 248 250 251 254
174 2 5 6 7 9 10 11 13 15 16 17 18 20 24 25 26 27 28 29 32 33 41 48 56 57 64 65 66 68 72 73 74 75 76 77 80 88 89 90 92 96 104 105 120 128 129 137 144 152 153 176 177 179 181 185 192 193 194 195 196 197 199 200 201 203 205 208 209 210 211 212 213 214 215 216 217 218 219 220 221 223 224 225 227 229 233 240 241 242 243 244 245 247 248 249 251 253
175 2 3 4 5 7 8 9 11 13 15 16 17 18 20 24 25 26 27 28 29 30 32 33 34 36 40 48 56 57 58 60 64 65 66 68 72 73 74 75 76 77 78 80 88 89 90 92 96 104 105 106 108 120 128 129 130 132 136 144 152 153 154 156 160 176 177 178 180 184 192 193 194 195 196 197 198 200 201 202 204 208 209 210 211 212 213 214 215 216 217 218 219 220 221 222 224 225 226 228 232 240 241 242 243 244 245 246 248 249 250 252
176 2 3 4 5 6 7 8 9 10 11 12 13 14 25 26 27 28 29 30 41 42 43 44 45 46 64 65 66 68 72 73 74 75 76 77 78 88 89 90 92 104 105 106 108 137 138 139 140 141 142 191 193 194 195 196 197 198 199 200 201 202 203 204 205 206 207 211 213 214 215 217 218 219 220 221 222 223 227 229 230 231 233 234 235 236 237 238 239 247 251 253 254 255
177 2 3 4 5 6 7 8 9 10 11 12 14 15 18 20 24 26 27 28 29 30 34 36 40 42 43 44 45 46 58 60 64 65 66 68 72 73 74 75 76 77 78 80 88 89 90 92 96 104 105 106 108 120 130 132 136 138 139 140 141 142 154 156 170 172 190 192 194 195 196 197 198 199 200 201 202 203 204 205 206 207 210 212 214 215 216 218 219 220 221 222 223 226 228 230 231 232 234 235 236 237 238 239 246 250 252 254 255
178 2 3 4 5 6 7 8 9 10 12 13 14 15 17 20 24 25 27 28 29 30 33 36 40 41 43 44 45 46 57 60 64 65 66 68 72 73 74 75 76 77 78 80 88 89 90 92 96 104 105 106 108 120 129 132 136 137 139 140 141 142 153 156 169 172 189 192 193 195 196 197 198 199 200 201 202 203 204 205 206 207 209 212 213 215 216 217 219 220 221 222 223 225 228 229 231 232 233 235 236 237 238 239 245 249 252 253 255
179 2 3 4 5 6 7 8 10 11 12 13 14 15 16 20 24 25 26 28 29 30 32 36 40 41 42 44 45 46 56 60 64 65 66 68 72 73 74 75 76 77 78 80 88 89 90 92 96 104 105 106 108 120 128 132 136 137 138 140 141 142 152 156 168 172 188 192 193 194 196 197 198 199 200 201 202 203 204 205 206 207 208 212 213 214 216 217 218 220 221 222 223 224 228 229 230 232 233 234 236 237 238 239 244 248 252 253 254
180 2 3 4 5 6 8 9 10 11 12 13 14 15 17 18 24 25 26 27 29 30 33 34 40 41 42 43 45 46 57 58 64 65 66 68 72 73 74 75 76 77 78 80 88 89 90 92 96 104 105 106 108 120 129 130 136 137 138 139 141 142 153 154 169 170 187 192 193 194 195 197 198 199 200 201 202 203 204 205 206 207 209 210 211 215 216 217 218 219 221 222 223 225 226 227 231 232 233 234 235 237 238 239 243 249 250 251 255
181 2 3 4 6 7 8 9 10 11 12 13 14 15 16 18 24 25 26 27 28 30 32 34 40 41 42 43 44 46 56 58 64 65 66 68 72 73 74 75 76 77 78 80 88 89 90 92 96 104 105 106 108 120 128 130 136 137 138 139 140 142 152 154 168 170 186 192 193 194 195 196 198 199 200 201 202 203 204 205 206 207 208 210 211 214 216 217 218 219 220 222 223 224 226 227 230 232 233 234 235 236 238 239 242 248 250 251 254
182 2 4 5 6 7 8 9 10 11 12 13 14 15 16 17 24 25 26 27 28 29 32 33 40 41 42 43 44 45 56 57 64 65 66 68 72 73 74 75 76 77 78 80 88 89 90 92 96 104 105 106 108 120 128 129 136 137 138 139 140 141 152 153 168 169 185 192 193 194 195 196 197 199 200 201 202 203 204 205 206 207 208 209 211 213 216 217 218 219 220 221 223 224 225 227 229 232 233 234 235 236 237 239 241 248 249 251 253
183 2 3 4 5 6 7 8 9 10 11 12 13 14 15 16 17 18 20 24 25 26 27 28 29 30 32 33 34 36 40 41 42 43 44 45 46 48 56 57 58 60 64 65 66 68 72 73 74 75 76 77 78 80 88 89 90 92 96 104 105 106 108 120 128 129 130 132 136 137 138 139 140 141 142 144 152 153 154 156 160 168 169 170 172 184 192 193 194 195 196 197 198 200 201 202 203 204 205 206 207 208 209 210 212 216 217 218 219 220 221 222 224 225 226 228 232 233 234 235 236 237 238 240 248 249 250 252
185 3 4 5 6 7 8 9 10 11 12 13 14 15 16 18 20 26 28 30 32 34 36 42 44 46 64 65 66 68 72 73 74 75 76 77 78 80 88 90 92 96 104 106 108 128 130 132 138 140 142 192 193 194 195 196 197 198 199 200 202 203 204 205 206 207 208 210 211 212 213 214 215 218 220 222 223 224 226 227 228 229 230 231 234 236 238 239 242 244 246 247 254
186 2 3 5 6 7 8 9 10 11 12 13 14 15 16 17 20 25 28 29 32 33 36 41 44 45 64 65 66 68 72 73 74 75 76 77 78 80 88 89 92 96 104 105 108 128 129 132 137 140 141 192 193 194 195 196 197 198 199 200 201 203 204 205 206 207 208 209 211 212 213 214 215 217 220 221 223 224 225 227 228 229 230 231 233 236 237 239 241 244 245 247 253
187 2 3 4 5 7 8 9 10 11 12 13 14 15 16 17 18 20 24 28 29 30 32 33 34 36 40 44 45 46 48 60 64 65 66 68 72 73 74 75 76 77 78 80 88 89 90 92 96 104 105 106 108 120 128 129 130 132 136 140 141 142 144 156 160 172 192 193 194 195 196 197 198 199 200 201 202 204 205 206 207 208 209 210 212 213 214 215 216 220 221 222 224 225 226 228 229 230 231 232 236 237 238 240 244 245 246 252
188 2 3 4 5 6 7 9 10 11 12 13 14 15 16 17 18 25 26 27 32 33 34 41 42 43 64 65 66 68 72 73 74 75 76 77 78 80 88 89 90 96 104 105 106 128 129 130 137 138 139 192 193 194 195 196 197 198 199 200 201 202 203 205 206 207 208 209 210 211 213 214 215 217 218 219 223 224 225 226 227 229 230 231 233 234 235 239 241 242 243 247 251
189 2 3 4 5 6 7 8 9 11 12 13 14 15 16 17 18 20 24 26 27 30 32 33 34 36 40 42 43 46 48 58 64 65 66 68 72 73 74 75 76 77 78 80 88 89 90 92 96 104 105 106 108 120 128 129 130 132 136 138 139 142 144 154 160 170 192 193 194 195 196 197 198 199 200 201 202 203 204 206 207 208 209 210 211 212 214 215 216 218 219 222 224 225 226 227 228 230 231 232 234 235 238 240 242 243 246 250
190 2 3 4 5 6 7 8 9 10 11 13 14 15 16 17 18 20 24 25 27 29 32 33 34 36 40 41 43 45 48 57 64 65 66 68 72 73 74 75 76 77 78 80 88 89 90 92 96 104 105 106 108 120 128 129 130 132 136 137 139 141 144 153 160 169 192 193 194 195 196 197 198 199 200 201 202 203 204 205 207 208 209 210 211 212 213 215 216 217 219 221 224 225 226 227 228 229 231 232 233 235 237 240 241 243 245 249
191 2 3 4 5 6 7 8 9 10 11 12 13 15 16 17 18 20 24 25 26 28 32 33 34 36 40 41 42 44 48 56 64 65 66 68 72 73 74 75 76 77 78 80 88 89 90 92 96 104 105 106 108 120 128 129 130 132 136 137 138 140 144 152 160 168 192 193 194 195 196 197 198 199 200 201 202 203 204 205 206 208 209 210 211 212 213 214 216 217 218 220 224 225 226 227 228 229 230 232 233 234 236 240 241 242 244 248
193 3 4 6 7 8 10 11 12 14 16 18 20 24 25 26 27 28 29 30 32 34 36 40 41 42 43 44 45 46 48 56 57 58 60 74 76 78 88 90 92 104 106 108 120 138 140 142 152 154 156 168 170 172 184 206 214 218 220 222 223 230 234 236 238 239 242 244 246 247 248 250 251 252 253 254 255
194 2 5 6 7 8 10 12 13 14 16 17 20 24 25 26 27 28 29 30 32 33 36 40 41 42 43 44 45 46 48 56 57 58 60 73 76 77 88 89 92 104 105 108 120 137 140 141 152 153 156 168 169 172 184 205 213 217 220 221 223 229 233 236 237 239 241 244 245 247 248 249 251 252 253 254 255
195 2 3 4 5 7 8 10 12 14 15 16 17 18 20 24 25 26 27 28 29 30 32 33 34 36 40 41 42 43 44 45 46 48 56 57 58 60 68 72 76 77 78 80 88 89 90 92 96 104 105 106 108 120 132 136 140 141 142 144 152 153 154 156 160 168 169 170 172 184 204 212 216 220 221 222 228 232 236 237 238 240 244 245 246 248 249 250 252 253 254 255
196 2 4 6 9 10 11 12 13 14 16 17 18 24 25 26 27 28 29 30 32 33 34 40 41 42 43 44 45 46 48 56 57 58 60 73 74 75 88 89 90 104 105 106 120 137 138 139 152 153 154 168 169 170 184 203 211 217 218 219 223 227 233 234 235 239 241 242 243 247 248 249 250 251 253 254 255
197 2 3 4 6 8 9 11 12 14 15 16 17 18 20 24 25 26 27 28 29 30 32 33 34 36 40 41 42 43 44 45 46 48 56 57 58 60 66 72 74 75 78 80 88 89 90 92 96 104 105 106 108 120 130 136 138 139 142 144 152 153 154 156 160 168 169 170 172 184 202 210 216 218 219 222 226 232 234 235 238 240 242 243 246 248 249 250 251 252 254 255
198 2 4 5 6 8 9 10 13 14 15 16 17 18 20 24 25 26 27 28 29 30 32 33 34 36 40 41 42 43 44 45 46 48 56 57 58 60 65 72 73 75 77 80 88 89 90 92 96 104 105 106 108 120 129 136 137 139 141 144 152 153 154 156 160 168 169 170 172 184 201 209 216 217 219 221 225 232 233 235 237 240 241 243 245 248 249 250 251 252 253 255
199 2 4 6 7 8 10 11 12 13 15 16 17 18 20 24 25 26 27 28 29 30 32 33 34 36 40 41 42 43 44 45 46 48 56 57 58 60 64 72 73 74 76 80 88 89 90 92 96 104 105 106 108 120 128 136 137 138 140 144 152 153 154 156 160 168 169 170 172 184 200 208 216 217 218 220 224 232 233 234 236 240 241 242 244 248 249 250 251 252 253 254
203 3 5 7 8 10 11 12 13 15 16 17 18 20 24 25 26 28 29 30 32 33 34 36 40 41 42 44 45 46 48 56 57 58 60 64 68 76 80 88 92 96 104 108 120 128 132 140 144 152 156 160 168 172 184 208 212 213 214 220 224 228 229 230 236 240 241 242 244 245 246 247 248 252 253 254
205 3 4 6 7 9 11 12 13 15 16 17 18 20 24 25 26 27 28 30 32 33 34 36 40 41 42 43 44 46 48 56 57 58 60 64 66 74 80 88 90 96 104 106 120 128 130 138 144 152 154 160 168 170 184 208 210 211 214 218 224 226 227 230 234 240 241 242 243 244 246 247 248 250 251 254
206 2 5 6 7 9 10 11 13 15 16 17 18 20 24 25 26 27 28 29 32 33 34 36 40 41 42 43 44 45 48 56 57 58 60 64 65 73 80 88 89 96 104 105 120 128 129 137 144 152 153 160 168 169 184 208 209 211 213 217 224 225 227 229 233 240 241 242 243 244 245 247 248 249 251 253
207 2 3 4 5 7 8 9 11 13 15 16 17 18 20 24 25 26 27 28 29 30 32 33 34 36 40 41 42 43 44 45 46 48 56 57 58 60 64 65 66 68 72 80 88 89 90 92 96 104 105 106 108 120 128 129 130 132 136 144 152 153 154 156 160 168 169 170 172 184 192 208 209 210 212 216 224 225 226 228 232 240 241 242 243 244 245 246 248 249 250 252
208 2 3 4 5 6 7 8 9 10 11 12 13 14 25 26 27 28 29 30 32 33 34 36 40 41 42 43 44 45 46 56 57 58 60 73 74 75 76 77 78 104 105 106 108 137 138 139 140 141 142 168 169 170 172 223 227 229 230 231 233 234 235 236 237 238 239 247 251 253 254 255
209 2 3 4 5 6 7 8 9 10 11 12 14 15 18 20 24 26 27 28 29 30 32 33 34 36 40 41 42 43 44 45 46 48 56 57 58 60 66 68 72 74 75 76 77 78 90 92 96 104 105 106 108 120 130 132 136 138 139 140 141 142 154 156 160 168 169 170 172 184 202 204 222 226 228 230 231 232 234 235 236 237 238 239 246 250 252 254 255
210 2 3 4 5 6 7 8 9 10 12 13 14 15 17 20 24 25 27 28 29 30 32 33 34 36 40 41 42 43 44 45 46 48 56 57 58 60 65 68 72 73 75 76 77 78 89 92 96 104 105 106 108 120 129 132 136 137 139 140 141 142 153 156 160 168 169 170 172 184 201 204 221 225 228 229 231 232 233 235 236 237 238 239 245 249 252 253 255
211 2 3 4 5 6 7 8 10 11 12 13 14 15 16 20 24 25 26 28 29 30 32 33 34 36 40 41 42 43 44 45 46 48 56 57 58 60 64 68 72 73 74 76 77 78 88 92 96 104 105 106 108 120 128 132 136 137 138 140 141 142 152 156 160 168 169 170 172 184 200 204 220 224 228 229 230 232 233 234 236 237 238 239 244 248 252 253 254
212 2 3 4 5 6 8 9 10 11 12 13 14 15 17 18 24 25 26 27 29 30 32 33 34 36 40 41 42 43 44 45 46 48 56 57 58 60 65 66 72 73 74 75 77 78 89 90 96 104 105 106 108 120 129 130 136 137 138 139 141 142 153 154 160 168 169 170 172 184 201 202 219 225 226 227 231 232 233 234 235 237 238 239 243 249 250 251 255
213 2 3 4 6 7 8 9 10 11 12 13 14 15 16 18 24 25 26 27 28 30 32 33 34 36 40 41 42 43 44 45 46 48 56 57 58 60 64 66 72 73 74 75 76 78 88 90 96 104 105 106 108 120 128 130 136 137 138 139 140 142 152 154 160 168 169 170 172 184 200 202 218 224 226 227 230 232 233 234 235 236 238 239 242 248 250 251 254
214 2 4 5 6 7 8 9 10 11 12 13 14 15 16 17 24 25 26 27 28 29 32 33 34 36 40 41 42 43 44 45 46 48 56 57 58 60 64 65 72 73 74 75 76 77 88 89 96 104 105 106 108 120 128 129 136 137 138 139 140 141 152 153 160 168 169 170 172 184 200 201 217 224 225 227 229 232 233 234 235 236 237 239 241 248 249 251 253
215 2 3 4 5 6 7 8 9 10 11 12 13 14 15 16 17 18 20 24 25 26 27 28 29 30 32 33 34 36 40 41 42 43 44 45 46 48 56 57 58 60 64 65 66 68 72 73 74 75 76 77 78 80 88 89 90 92 96 104 105 106 108 120 128 129 130 132 136 137 138 139 140 141 142 144 152 153 154 156 160 168 169 170 172 184 192 200 201 202 204 216 224 225 226 228 232 233 234 235 236 237 238 240 248 249 250 252
217 3 4 5 6 7 8 9 10 11 12 13 14 15 16 18 20 26 28 30 32 33 34 36 40 41 42 43 44 45 46 48 56 58 60 64 66 68 74 76 78 96 104 106 108 128 130 132 138 140 142 160 168 170 172 224 226 227 228 229 230 231 234 236 238 239 242 244 246 247 254
218 2 3 5 6 7 8 9 10 11 12 13 14 15 16 17 20 25 28 29 32 33 34 36 40 41 42 43 44 45 46 48 56 57 60 64 65 68 73 76 77 96 104 105 108 128 129 132 137 140 141 160 168 169 172 224 225 227 228 229 230 231 233 236 237 239 241 244 245 247 253
219 2 3 4 5 7 8 9 10 11 12 13 14 15 16 17 18 20 24 28 29 30 32 33 34 36 40 41 42 43 44 45 46 48 56 57 58 60 64 65 66 68 72 76 77 78 80 92 96 104 105 106 108 120 128 129 130 132 136 140 141 142 144 156 160 168 169 170 172 184 192 204 224 225 226 228 229 230 231 232 236 237 238 240 244 245 246 252
220 2 3 4 5 6 7 9 10 11 12 13 14 15 16 17 18 25 26 27 32 33 34 36 40 41 42 43 44 45 46 48 56 57 58 64 65 66 73 74 75 96 104 105 106 128 129 130 137 138 139 160 168 169 170 224 225 226 227 229 230 231 233 234 235 239 241 242 243 247 251
221 2 3 4 5 6 7 8 9 11 12 13 14 15 16 17 18 20 24 26 27 30 32 33 34 36 40 41 42 43 44 45 46 48 56 57 58 60 64 65 66 68 72 74 75 78 80 90 96 104 105 106 108 120 128 129 130 132 136 138 139 142 144 154 160 168 169 170 172 184 192 202 224 225 226 227 228 230 231 232 234 235 238 240 242 243 246 250
222 2 3 4 5 6 7 8 9 10 11 13 14 15 16 17 18 20 24 25 27 29 32 33 34 36 40 41 42 43 44 45 46 48 56 57 58 60 64 65 66 68 72 73 75 77 80 89 96 104 105 106 108 120 128 129 130 132 136 137 139 141 144 153 160 168 169 170 172 184 192 201 224 225 226 227 228 229 231 232 233 235 237 240 241 243 245 249
223 2 3 4 5 6 7 8 9 10 11 12 13 15 16 17 18 20 24 25 26 28 32 33 34 36 40 41 42 43 44 45 46 48 56 57 58 60 64 65 66 68 72 73 74 76 80 88 96 104 105 106 108 120 128 129 130 132 136 137 138 140 144 152 160 168 169 170 172 184 192 200 224 225 226 227 228 229 230 232 233 234 236 240 241 242 244 248
224 2 3 4 5 6 7 8 9 10 11 12 13 14 16 17 18 20 24 25 26 27 28 29 30 41 42 43 44 45 46 56 57 58 60 73 74 75 76 77 78 88 89 90 92 137 138 139 140 141 142 152 153 154 156 239 247 251 253 254 255
225 2 3 4 5 6 7 8 9 10 11 12 14 15 16 17 18 20 24 25 26 27 28 29 30 34 36 40 42 43 44 45 46 48 56 57 58 60 66 68 72 74 75 76 77 78 80 88 89 90 92 106 108 120 130 132 136 138 139 140 141 142 144 152 153 154 156 170 172 184 202 204 216 238 246 250 252 254 255
226 2 3 4 5 6 7 8 9 10 12 13 14 15 16 17 18 20 24 25 26 27 28 29 30 33 36 40 41 43 44 45 46 48 56 57 58 60 65 68 72 73 75 76 77 78 80 88 89 90 92 105 108 120 129 132 136 137 139 140 141 142 144 152 153 154 156 169 172 184 201 204 216 237 245 249 252 253 255
227 2 3 4 5 6 7 8 10 11 12 13 14 15 16 17 18 20 24 25 26 27 28 29 30 32 36 40 41 42 44 45 46 48 56 57 58 60 64 68 72 73 74 76 77 78 80 88 89 90 92 104 108 120 128 132 136 137 138 140 141 142 144 152 153 154 156 168 172 184 200 204 216 236 244 248 252 253 254
228 2 3 4 5 6 8 9 10 11 12 13 14 15 16 17 18 20 24 25 26 27 28 29 30 33 34 40 41 42 43 45 46 48 56 57 58 60 65 66 72 73 74 75 77 78 80 88 89 90 92 105 106 120 129 130 136 137 138 139 141 142 144 152 153 154 156 169 170 184 201 202 216 235 243 249 250 251 255
229 2 3 4 6 7 8 9 10 11 12 13 14 15 16 17 18 20 24 25 26 27 28 29 30 32 34 40 41 42 43 44 46 48 56 57 58 60 64 66 72 73 74 75 76 78 80 88 89 90 92 104 106 120 128 130 136 137 138 139 140 142 144 152 153 154 156 168 170 184 200 202 216 234 242 248 250 251 254
230 2 4 5 6 7 8 9 10 11 12 13 14 15 16 17 18 20 24 25 26 27 28 29 30 32 33 40 41 42 43 44 45 48 56 57 58 60 64 65 72 73 74 75 76 77 80 88 89 90 92 104 105 120 128 129 136 137 138 139 140 141 144 152 153 154 156 168 169 184 200 201 216 233 241 248 249 251 253
231 2 3 4 5 6 7 8 9 10 11 12 13 14 15 16 17 18 20 24 25 26 27 28 29 30 32 33 34 36 40 41 42 43 44 45 46 48 56 57 58 60 64 65 66 68 72 73 74 75 76 77 78 80 88 89 90 92 96 104 105 106 108 120 128 129 130 132 136 137 138 139 140 141 142 144 152 153 154 156 160 168 169 170 172 184 192 200 201 202 204 216 232 240 248 249 250 252
233 3 4 5 6 7 8 9 10 11 12 13 14 15 16 17 18 20 24 25 26 27 28 29 30 32 34 36 42 44 46 48 56 58 60 64 66 68 74 76 78 80 88 90 92 128 130 132 138 140 142 144 152 154 156 242 244 246 247 254
234 2 3 5 6 7 8 9 10 11 12 13 14 15 16 17 18 20 24 25 26 27 28 29 30 32 33 36 41 44 45 48 56 57 60 64 65 68 73 76 77 80 88 89 92 128 129 132 137 140 141 144 152 153 156 241 244 245 247 253
235 2 3 4 5 7 8 9 10 11 12 13 14 15 16 17 18 20 24 25 26 27 28 29 30 32 33 34 36 40 44 45 46 48 56 57 58 60 64 65 66 68 72 76 77 78 80 88 89 90 92 96 108 120 128 129 130 132 136 140 141 142 144 152 153 154 156 160 172 184 192 204 216 240 244 245 246 252
236 2 3 4 5 6 7 9 10 11 12 13 14 15 16 17 18 20 24 25 26 27 28 29 30 32 33 34 41 42 43 48 56 57 58 64 65 66 73 74 75 80 88 89 90 128 129 130 137 138 139 144 152 153 154 241 242 243 247 251
237 2 3 4 5 6 7 8 9 11 12 13 14 15 16 17 18 20 24 25 26 27 28 29 30 32 33 34 36 40 42 43 46 48 56 57 58 60 64 65 66 68 72 74 75 78 80 88 89 90 92 96 106 120 128 129 130 132 136 138 139 142 144 152 153 154 156 160 170 184 192 202 216 240 242 243 246 250
238 2 3 4 5 6 7 8 9 10 11 13 14 15 16 17 18 20 24 25 26 27 28 29 30 32 33 34 36 40 41 43 45 48 56 57 58 60 64 65 66 68 72 73 75 77 80 88 89 90 92 96 105 120 128 129 130 132 136 137 139 141 144 152 153 154 156 160 169 184 192 201 216 240 241 243 245 249
239 2 3 4 5 6 7 8 9 10 11 12 13 15 16 17 18 20 24 25 26 27 28 29 30 32 33 34 36 40 41 42 44 48 56 57 58 60 64 65 66 68 72 73 74 76 80 88 89 90 92 96 104 120 128 129 130 132 136 137 138 140 144 152 153 154 156 160 168 184 192 200 216 240 241 242 244 248
240 2 3 4 5 6 7 8 9 10 11 12 13 14 15 17 18 20 24 25 26 27 28 29 30 33 34 36 40 41 42 43 44 45 46 57 58 60 65 66 68 72 73 74 75 76 77 78 89 90 92 105 106 108 129 130 132 136 137 138 139 140 141 142 153 154 156 169 170 172 201 202 204 255
241 2 3 4 5 6 7 8 9 10 11 12 13 14 15 16 18 20 24 25 26 27 28 29 30 32 34 36 40 41 42 43 44 45 46 56 58 60 64 66 68 72 73 74 75 76 77 78 88 90 92 104 106 108 128 130 132 136 137 138 139 140 141 142 152 154 156 168 170 172 200 202 204 254
242 2 3 4 5 6 7 8 9 10 11 12 13 14 15 16 17 20 24 25 26 27 28 29 30 32 33 36 40 41 42 43 44 45 46 56 57 60 64 65 68 72 73 74 75 76 77 78 88 89 92 104 105 108 128 129 132 136 137 138 139 140 141 142 152 153 156 168 169 172 200 201 204 253
243 2 3 4 5 6 7 8 9 10 11 12 13 14 15 16 17 18 20 24 25 26 27 28 29 30 32 33 34 36 40 41 42 43 44 45 46 48 56 57 58 60 64 65 66 68 72 73 74 75 76 77 78 80 88 89 90 92 96 104 105 106 108 120 128 129 130 132 136 137 138 139 140 141 142 144 152 153 154 156 160 168 169 170 172 184 192 200 201 202 204 216 232 252
244 2 3 4 5 6 7 8 9 10 11 12 13 14 15 16 17 18 24 25 26 27 28 29 30 32 33 34 40 41 42 43 44 45 46 56 57 58 64 65 66 72 73 74 75 76 77 78 88 89 90 104 105 106 128 129 130 136 137 138 139 140 141 142 152 153 154 168 169 170 200 201 202 251
245 2 3 4 5 6 7 8 9 10 11 12 13 14 15 16 17 18 20 24 25 26 27 28 29 30 32 33 34 36 40 41 42 43 44 45 46 48 56 57 58 60 64 65 66 68 72 73 74 75 76 77 78 80 88 89 90 92 96 104 105 106 108 120 128 129 130 132 136 137 138 139 140 141 142 144 152 153 154 156 160 168 169 170 172 184 192 200 201 202 204 216 232 250
246 2 3 4 5 6 7 8 9 10 11 12 13 14 15 16 17 18 20 24 25 26 27 28 29 30 32 33 34 36 40 41 42 43 44 45 46 48 56 57 58 60 64 65 66 68 72 73 74 75 76 77 78 80 88 89 90 92 96 104 105 106 108 120 128 129 130 132 136 137 138 139 140 141 142 144 152 153 154 156 160 168 169 170 172 184 192 200 201 202 204 216 232 249
247 2 3 4 5 6 7 8 9 10 11 12 13 14 15 16 17 18 20 24 25 26 27 28 29 30 32 33 34 36 40 41 42 43 44 45 46 48 56 57 58 60 64 65 66 68 72 73 74 75 76 77 78 80 88 89 90 92 96 104 105 106 108 120 128 129 130 132 136 137 138 139 140 141 142 144 152 153 154 156 160 168 169 170 172 184 192 200 201 202 204 216 232 248
248 2 3 4 5 6 7 8 9 10 11 12 13 14 15 16 17 18 20 25 26 27 28 29 30 32 33 34 36 41 42 43 44 45 46 64 65 66 68 73 74 75 76 77 78 128 129 130 132 137 138 139 140 141 142
249 2 3 4 5 6 7 8 9 10 11 12 13 14 15 16 17 18 20 24 26 27 28 29 30 32 33 34 36 40 42 43 44 45 46 48 58 60 64 65 66 68 72 74 75 76 77 78 80 90 92 96 106 108 128 129 130 132 136 138 139 140 141 142 144 154 156 160 170 172 192 202 204
250 2 3 4 5 6 7 8 9 10 11 12 13 14 15 16 17 18 20 24 25 27 28 29 30 32 33 34 36 40 41 43 44 45 46 48 57 60 64 65 66 68 72 73 75 76 77 78 80 89 92 96 105 108 128 129 130 132 136 137 139 140 141 142 144 153 156 160 169 172 192 201 204
251 2 3 4 5 6 7 8 9 10 11 12 13 14 15 16 17 18 20 24 25 26 28 29 30 32 33 34 36 40 41 42 44 45 46 48 56 60 64 65 66 68 72 73 74 76 77 78 80 88 92 96 104 108 128 129 130 132 136 137 138 140 141 142 144 152 156 160 168 172 192 200 204
252 2 3 4 5 6 7 8 9 10 11 12 13 14 15 16 17 18 20 24 25 26 27 29 30 32 33 34 36 40 41 42 43 45 46 48 57 58 64 65 66 68 72 73 74 75 77 78 80 89 90 96 105 106 128 129 130 132 136 137 138 139 141 142 144 153 154 160 169 170 192 201 202
253 2 3 4 5 6 7 8 9 10 11 12 13 14 15 16 17 18 20 24 25 26 27 28 30 32 33 34 36 40 41 42 43 44 46 48 56 58 64 65 66 68 72 73 74 75 76 78 80 88 90 96 104 106 128 129 130 132 136 137 138 139 140 142 144 152 154 160 168 170 192 200 202
254 2 3 4 5 6 7 8 9 10 11 12 13 14 15 16 17 18 20 24 25 26 27 28 29 32 33 34 36 40 41 42 43 44 45 48 56 57 64 65 66 68 72 73 74 75 76 77 80 88 89 96 104 105 128 129 130 132 136 137 138 139 140 141 144 152 153 160 168 169 192 200 201
255 2 3 4 5 6 7 8 9 10 11 12 13 14 15 16 17 18 20 24 25 26 27 28 29 30 32 33 34 36 40 41 42 43 44 45 46 48 56 57 58 60 64 65 66 68 72 73 74 75 76 77 78 80 88 89 90 92 96 104 105 106 108 120 128 129 130 132 136 137 138 139 140 141 142 144 152 153 154 156 160 168 169 170 172 184 192 200 201 202 204 216 232
16 6 10 12 14 41 42 43 44 45 46 73 74 75 76 77 78 104 105 106 108 137 138 139 140 141 142 168 169 170 172 200 201 202 204 232
24 3 5 9 14 33 34 36 43 45 46 65 66 68 75 77 78 96 105 106 108 129 130 132 139 141 142 160 169 170 172 192 201 202 204 232
25 3 7 11 12 32 34 36 42 44 46 64 66 68 74 76 78 96 104 106 108 128 130 132 138 140 142 160 168 170 172 192 200 202 204 232
26 5 7 10 13 32 33 36 41 44 45 64 65 68 73 76 77 96 104 105 108 128 129 132 137 140 141 160 168 169 172 192 200 201 204 232
28 6 9 11 13 32 33 34 41 42 43 64 65 66 73 74 75 96 104 105 106 128 129 130 137 138 139 160 168 169 170 192 200 201 202 232
32 6 10 12 14 27 29 30 73 74 75 76 77 78 88 89 90 92 137 138 139 140 141 142 152 153 154 156 200 201 202 204 216
40 3 5 9 14 17 18 20 27 29 30 65 66 68 75 77 78 80 89 90 92 129 130 132 139 141 142 144 153 154 156 192 201 202 204 216
41 3 7 11 12 18 20 30 64 66 68 74 76 78 80 88 90 92 128 130 132 138 140 142 144 152 154 156 192 200 202 204 216
42 5 7 10 13 17 20 29 64 65 68 73 76 77 80 88 89 92 128 129 132 137 140 141 144 152 153 156 192 200 201 204 216
44 6 9 11 13 17 18 27 64 65 66 73 74 75 80 88 89 90 128 129 130 137 138 139 144 152 153 154 192 200 201 202 216
48 2 3 4 5 6 8 9 10 12 14 27 29 30 43 45 46 65 66 68 72 73 74 75 76 77 78 89 90 92 105 106 108 129 130 132 136 137 138 139 140 141 142 153 154 156 169 170 172 192 200 201 202 204 216 232
56 3 5 6 7 9 10 11 12 13 14 64 65 66 68 73 74 75 76 77 78 128 129 130 132 137 138 139 140 141 142 192 200 201 202 204
57 3 4 5 7 8 9 11 12 14 15 18 20 30 34 36 46 64 65 66 68 72 74 75 76 77 78 80 90 92 96 106 108 128 129 130 132 136 138 139 140 141 142 144 154 156 160 170 172 192 200 201 202 204 216 232
58 2 3 5 7 8 9 10 13 14 15 17 20 29 33 36 45 64 65 66 68 72 73 75 76 77 78 80 89 92 96 105 108 128 129 130 132 136 137 139 140 141 142 144 153 156 160 169 172 192 200 201 202 204 216 232
60 2 3 4 5 6 9 11 13 14 15 17 18 27 33 34 43 64 65 66 68 72 73 74 75 77 78 80 89 90 96 105 106 128 129 130 132 136 137 138 139 141 142 144 153 154 160 169 170 192 200 201 202 204 216 232
64 6 10 12 14 27 29 30 43 45 46 137 138 139 140 141 142 152 153 154 156 168 169 170 172 184
72 3 5 9 14 17 18 20 27 29 30 33 34 36 43 45 46 129 130 132 139 141 142 144 153 154 156 160 169 170 172 184
73 3 7 11 12 18 20 30 34 36 46 128 130 132 138 140 142 144 152 154 156 160 168 170 172 184
74 5 7 10 13 17 20 29 33 36 45 128 129 132 137 140 141 144 152 153 156 160 168 169 172 184
76 6 9 11 13 17 18 27 33 34 43 128 129 130 137 138 139 144 152 153 154 160 168 169 170 184
80 2 3 4 5 6 8 9 10 12 14 27 29 30 33 34 36 43 45 46 75 77 78 105 106 108 129 130 132 136 137 138 139 140 141 142 153 154 156 160 168 169 170 172 184 201 202 204 232
88 3 5 6 7 9 10 11 12 13 14 33 34 36 43 45 46 128 129 130 132 137 138 139 140 141 142 160 168 169 170 172
89 3 4 5 7 8 9 11 12 14 15 18 20 30 33 34 36 43 45 46 66 68 78 96 106 108 128 129 130 132 136 138 139 140 141 142 144 154 156 160 168 169 170 172 184 192 202 204 232
90 2 3 5 7 8 9 10 13 14 15 17 20 29 33 34 36 43 45 46 65 68 77 96 105 108 128 129 130 132 136 137 139 140 141 142 144 153 156 160 168 169 170 172 184 192 201 204 232
92 2 3 4 5 6 9 11 13 14 15 17 18 27 33 34 36 43 45 46 65 66 75 96 105 106 128 129 130 132 136 137 138 139 141 142 144 153 154 160 168 169 170 172 184 192 201 202 232
96 2 3 4 5 6 8 9 10 12 14 17 18 20 27 29 30 43 45 46 75 77 78 129 130 132 136 137 138 139 140 141 142 144 152 153 154 156 169 170 172 184 201 202 204 216
104 3 5 6 7 9 10 11 12 13 14 17 18 20 27 29 30 128 129 130 132 137 138 139 140 141 142 144 152 153 154 156
105 3 4 5 7 8 9 11 12 14 15 17 18 20 27 29 30 34 36 46 66 68 78 128 129 130 132 136 138 139 140 141 142 144 152 153 154 156 160 170 172 184 192 202 204 216
106 2 3 5 7 8 9 10 13 14 15 17 18 20 27 29 30 33 36 45 65 68 77 128 129 130 132 136 137 139 140 141 142 144 152 153 154 156 160 169 172 184 192 201 204 216
108 2 3 4 5 6 9 11 13 14 15 17 18 20 27 29 30 33 34 43 65 66 75 128 129 130 132 136 137 138 139 141 142 144 152 153 154 156 160 169 170 184 192 201 202 216
120 2 3 4 5 6 7 8 9 10 11 12 13 14 15 17 18 20 27 29 30 33 34 36 43 45 46 65 66 68 75 77 78 128 129 130 132 136 137 138 139 140 141 142 144 153 154 156 160 169 170 172 192 201 202 204
128 6 10 12 14 27 29 30 43 45 46 75 77 78
136 3 5 9 14 17 18 20 27 29 30 33 34 36 43 45 46 65 66 68 75 77 78
137 3 7 11 12 18 20 30 34 36 46 66 68 78
138 5 7 10 13 17 20 29 33 36 45 65 68 77
140 6 9 11 13 17 18 27 33 34 43 65 66 75
144 2 3 4 5 6 8 9 10 12 14 27 29 30 33 34 36 43 45 46 65 66 68 75 77 78 139 141 142 169 170 172 201 202 204 232
152 3 5 6 7 9 10 11 12 13 14 33 34 36 43 45 46 65 66 68 75 77 78
153 3 4 5 7 8 9 11 12 14 15 18 20 30 33 34 36 43 45 46 65 66 68 75 77 78 130 132 142 160 170 172 192 202 204 232
154 2 3 5 7 8 9 10 13 14 15 17 20 29 33 34 36 43 45 46 65 66 68 75 77 78 129 132 141 160 169 172 192 201 204 232
156 2 3 4 5 6 9 11 13 14 15 17 18 27 33 34 36 43 45 46 65 66 68 75 77 78 129 130 139 160 169 170 192 201 202 232
160 2 3 4 5 6 8 9 10 12 14 17 18 20 27 29 30 43 45 46 65 66 68 75 77 78 139 141 142 201 202 204 216
168 3 5 6 7 9 10 11 12 13 14 17 18 20 27 29 30 65 66 68 75 77 78
169 3 4 5 7 8 9 11 12 14 15 17 18 20 27 29 30 34 36 46 65 66 68 75 77 78 130 132 142 192 202 204 216
170 2 3 5 7 8 9 10 13 14 15 17 18 20 27 29 30 33 36 45 65 66 68 75 77 78 129 132 141 192 201 204 216
172 2 3 4 5 6 9 11 13 14 15 17 18 20 27 29 30 33 34 43 65 66 68 75 77 78 129 130 139 192 201 202 216
184 2 3 4 5 6 7 8 9 10 11 12 13 14 15 17 18 20 27 29 30 33 34 36 43 45 46 65 66 68 75 77 78 129 130 132 139 141 142 192 201 202 204
192 2 3 4 5 6 8 9 10 12 14 17 18 20 27 29 30 33 34 36 43 45 46 75 77 78 139 141 142
200 3 5 6 7 9 10 11 12 13 14 17 18 20 27 29 30 33 34 36 43 45 46
201 3 4 5 7 8 9 11 12 14 15 17 18 20 27 29 30 33 34 36 43 45 46 66 68 78 130 132 142
202 2 3 5 7 8 9 10 13 14 15 17 18 20 27 29 30 33 34 36 43 45 46 65 68 77 129 132 141
204 2 3 4 5 6 9 11 13 14 15 17 18 20 27 29 30 33 34 36 43 45 46 65 66 75 129 130 139
216 2 3 4 5 6 7 8 9 10 11 12 13 14 15 17 18 20 27 29 30 33 34 36 43 45 46 65 66 68 75 77 78 129 130 132 139 141 142
232 2 3 4 5 6 7 8 9 10 11 12 13 14 15 17 18 20 27 29 30 33 34 36 43 45 46 65 66 68 75 77 78 129 130 132 139 141 142
2 3 18 20 30 34 36 46 66 68 78 130 132 142
3 17 27 29 33 43 45 65 75 77 129 139 141
18 5 8 10 14 29 33 36 43 45 46 65 68 75 77 78 129 132 139 141 142
20 4 6 9 14 27 33 34 43 45 46 65 66 75 77 78 129 130 139 141 142
30 5 9 13 15 17 33 34 36 43 45 65 66 68 75 77 129 130 132 139 141
34 5 8 10 14 17 27 29 45 65 68 75 77 78 129 132 139 141 142
36 4 6 9 14 17 27 29 43 65 66 75 77 78 129 130 139 141 142
46 5 9 13 15 17 27 29 33 65 66 68 75 77 129 130 132 139 141
66 5 8 10 14 17 27 29 33 43 45 77 129 132 139 141 142
68 4 6 9 14 17 27 29 33 43 45 75 129 130 139 141 142
78 5 9 13 15 17 27 29 33 43 45 65 129 130 132 139 141
130 5 8 10 14 17 27 29 33 43 45 65 75 77 141
132 4 6 9 14 17 27 29 33 43 45 65 75 77 139
142 5 9 13 15 17 27 29 33 43 45 65 75 77 129
17 4 8 12 14 43 45 75 77 139 141
27 5 7 8 15 33 45 65 77 129 141
29 4 9 11 15 33 43 65 75 129 139
33 4 8 12 14 75 77 139 141
43 5 7 8 15 65 77 129 141
45 4 9 11 15 65 75 129 139
65 4 8 12 14 139 141
75 5 7 8 15 129 141
77 4 9 11 15 129 139
129 4 8 12 14
139 5 7 8 15
141 4 9 11 15
4 5
5
6 7
7
8 9
9
10 11
11
12 13
13
14 15
15
