#C:\Users\sakroger\Desktop\k-core\git_code\code\formater.py
# GMT Sun Jan 17 05:22:41 2021
# 
0 1 2 3
1 2 9 14 17 18 19 28 41 45 46 51 91 102
2 3 9 11 14 17 21 22 23 24 25 26 27 31 34 36 41 42 45 50 51 54 66 73 83 93 97 98 102 104 105 111
3 9 10 18 41 43 51 85
9 8 12 17 24 25 26 39 40 42 59 60 61 62 89
14 13 16 17 25 36 37 59 68 71 105
17 5 7 12 13 15 21 22 24 25 26 27 28 31 32 34 35 36 37 38 43 44 50 51 52 54 65 66 67 70 72 77 80 82 83 84 85 86 87 88 89 93 98 102 103 104
18 12 13 21 29 34 43 44 50 51 53 54 60
19 20 21 22 23 24 25 26 27
28 21 29 30 31 32 33 34 35 44 89 92
41 25 31 38 42 43
45 22 44 52 73
46 25 104
51 6 7 21 23 25 26 30 31 32 34 35 38 42 49 50 54 57 59 66 67 68 101 106
91
102 12 13 44 50 53 66 70
11 10 40 63 69 98 104
21 7 43 48 50
22 94
23 43 47 59 69 105
24 36 43 47 49 68 75 76 87 103 104 108
25 30 48 59 77 88 104
26 43 56 68 79 80 104
27 5 43 52 54 63 68 76 79 80 87 96 103
31 32 43 79 86 103 104 108
34 54 107
36 43 55 87
42 56 79 90
50 10 12 44 48 52 53 54 78 104
54 53 68 70 72 75 78
66 43 72 75
73 53 68 71 76 103
83 43 79 87
93
97
98 43 81
104 12 15 33 35 38 48 59 61 81 84 103 105
105 70 72 108
111
10 12
43 5 12 15 20 39 44 48 59 63 70 80 81 99 100
85
4 5 89
5 6 32 39
89 53 92 99
6 7 32 52 55
32 15 52 70 100
39 38 103
7 15 37 38 70 75 87 106
52 56
55 70
15 13 38 48 75 76 79 88
37 38 47 57 58 59 72 103
38 40
70 59 68 75 87
75 57 68 76 77
87 12 65 67
106 76 80 88 96
8
12 88
40 56
59 49 65 71 72
60 71 76 101
61
62 71
63 64 65
69
88 48
13 16
16 68
68 49 84
71 35
48 35 47 76
76 33 67 80 92
79 20 29 30 78 81 109 110
35
44
65 84 103
67
72 80
77
80 81
82
84 30 33
86
103
29 58 74
53
20 94 108
94 81
108
47 49
49
30 92
56
96 92
33 107
92 95
58
74
100 110
107
57
90
81
99
78
101
64
109
110
95
