#C:\Users\sakroger\Desktop\k-core\git_code\code\formater.py
# GMT Sun Jan 17 05:22:59 2021
# 
0 1 2 3 5 10 11 12 15 16 18 21 23 24 27 28 29 31 32 33 34 35 37 38 39 43 44 45 49 50 52 54 55 56 57 58 60 61 63 64 66 67 69 70 72 74 78 79 80 81 82 83 84 85 87 88 92 93 99 100 101 104 105 106 107 108 111 113 115 116 119 120 122 123 124 126 127 129 130 132 133 136 137 139 143 144 145 148 149 152 154 155 158 161 163 164 165 166 167 168 169 175 176 180 181 182 183 184 185 188 189 191 192 193 195 196 197 198 199
1 5 6 8 9 11 12 14 16 17 19 21 22 23 24 25 28 29 30 32 33 34 42 43 44 47 48 50 53 54 57 60 61 63 64 65 66 68 72 74 75 76 77 80 81 83 85 89 90 93 95 97 99 101 102 103 104 105 106 108 109 112 113 115 116 118 119 121 122 124 125 127 128 133 135 137 138 139 140 141 142 143 144 145 148 150 152 154 155 160 163 165 167 170 171 172 175 178 180 182 183 187 189 190 193 194 195 196 197
2 3 5 6 7 8 9 10 14 15 16 18 19 20 21 22 23 24 29 32 33 34 35 37 38 39 40 41 42 43 45 47 48 50 51 52 53 54 55 57 61 62 67 70 71 72 73 74 77 78 79 80 81 82 84 85 89 91 92 93 95 97 99 100 101 103 104 105 107 110 111 112 113 114 115 116 118 120 121 123 125 126 127 128 129 131 137 138 139 140 141 144 146 147 151 152 154 155 159 161 163 164 165 166 168 170 172 176 177 178 181 182 184 185 186 189 190 191 193 195 196 197 198
3 4 5 8 9 10 11 13 14 15 16 18 20 21 22 23 26 27 28 31 35 36 37 40 43 45 46 50 51 53 54 56 57 58 59 61 62 64 65 67 69 70 71 72 73 74 75 76 77 78 79 80 82 83 85 87 88 89 92 94 95 98 104 107 110 113 114 115 116 118 119 120 121 123 124 125 126 127 128 130 131 134 137 138 139 140 145 146 148 149 150 151 152 153 154 155 157 160 163 164 165 167 168 172 177 178 179 180 181 183 186 188 190 191 192 193 194 196 198 199
5 6 8 10 13 17 19 20 21 23 24 25 28 30 31 32 35 38 40 42 44 46 48 51 52 53 54 55 58 62 64 65 66 67 69 70 71 72 74 76 77 78 79 80 82 84 85 88 90 91 93 94 95 97 98 99 100 102 103 104 108 109 113 115 116 117 118 119 123 124 126 129 131 133 134 135 139 140 141 142 143 146 147 150 151 152 153 154 158 159 160 161 162 163 166 170 173 174 177 179 185 186 187 188 189 190 191 193 194 197 199
10 4 9 11 13 15 17 20 21 23 24 25 26 27 28 30 32 34 35 36 37 38 40 41 42 44 45 46 48 49 51 53 55 56 58 60 62 63 64 65 66 68 70 72 73 74 75 79 80 83 84 85 87 90 91 94 95 98 100 101 103 104 107 109 110 111 113 115 116 117 118 119 120 121 122 123 124 125 126 130 132 135 136 138 139 140 141 142 144 145 147 148 149 150 151 153 154 155 156 157 159 160 161 162 163 165 166 168 170 173 174 175 176 178 179 180 183 184 185 186 188 189 191 194 195 196 198 199
11 4 7 8 9 13 14 17 19 21 22 23 24 27 28 32 34 35 36 37 38 40 42 45 46 47 48 50 51 52 53 54 55 56 57 59 62 64 65 66 68 69 74 75 76 77 78 79 81 83 86 93 94 96 97 98 100 101 102 103 106 107 108 109 112 114 117 118 120 122 124 127 128 129 130 131 132 134 136 139 140 141 142 143 145 146 147 150 152 154 155 156 157 158 159 161 163 164 167 170 172 173 177 178 179 183 185 186 187 188 192 193 194 196 197
12 4 6 15 16 17 21 24 25 26 27 28 29 30 32 33 34 35 36 38 40 42 43 46 47 49 50 51 52 53 55 65 66 67 68 69 70 71 72 73 76 77 79 80 86 88 90 91 93 97 99 100 102 103 104 107 108 109 110 111 115 116 119 123 126 127 129 130 132 133 134 136 137 138 139 140 141 144 147 148 149 151 157 158 160 161 163 164 165 167 171 172 175 177 178 179 180 183 184 185 186 187 188 189 191 193 194 196 197 199
15 4 6 7 8 17 18 20 21 24 26 28 30 31 33 40 41 44 45 49 50 51 53 54 55 56 57 60 61 62 63 64 67 68 69 70 72 73 74 75 76 78 80 81 82 84 85 86 87 88 89 90 91 92 94 96 97 99 100 101 102 104 105 107 108 110 113 114 115 120 121 122 123 124 125 126 127 129 130 131 132 133 134 135 136 137 140 141 142 143 146 147 150 153 154 156 157 159 160 161 163 164 165 166 169 171 172 175 178 179 181 183 184 186 187 188 189 190 193 197 198 199
16 4 6 7 8 14 17 19 21 22 23 26 27 29 31 33 35 36 37 40 41 42 44 45 47 49 51 52 54 55 56 57 58 59 60 61 62 64 65 67 69 70 72 74 75 79 80 84 85 86 87 88 89 90 91 92 94 95 96 100 101 103 108 109 111 112 113 114 115 116 117 118 120 121 124 126 127 128 129 131 133 134 136 137 143 144 145 147 150 151 153 154 155 158 162 165 166 169 170 173 174 175 176 178 181 182 183 188 189 190 191 192 194 195 197 198 199
18 4 6 8 13 14 19 26 27 28 29 30 31 32 33 35 36 39 41 42 43 44 46 47 49 50 51 52 53 54 55 57 59 61 62 63 65 68 69 71 73 75 76 80 83 84 85 86 90 93 94 95 96 98 102 104 108 109 111 112 113 116 118 121 122 123 125 126 128 129 131 133 134 136 137 138 139 140 142 143 146 147 151 152 153 155 156 157 158 160 161 162 163 164 165 167 168 169 170 171 173 177 179 180 181 183 184 186 187 190 191 193 194 197 198
21 7 9 13 17 19 20 23 24 25 27 28 31 32 33 36 38 39 40 42 43 44 45 46 48 49 50 51 52 54 55 56 59 60 61 62 66 67 68 72 75 83 84 86 88 89 90 91 94 95 98 100 101 103 104 106 107 110 111 113 114 116 117 119 121 122 124 125 126 128 133 135 137 138 139 140 141 143 144 145 147 148 149 152 153 156 157 158 159 162 164 169 170 171 173 174 175 176 177 178 179 180 181 184 187 188 189 190 192 194 197 198
23 6 7 13 17 20 22 24 27 28 30 32 33 34 36 39 41 45 46 48 49 51 53 55 56 57 58 60 61 62 63 66 67 68 69 72 73 76 77 79 80 83 84 85 89 90 93 99 100 104 105 107 110 112 113 117 120 121 122 125 126 128 129 130 131 134 135 136 137 139 142 144 145 146 147 148 149 150 153 154 155 156 157 158 159 160 161 162 164 165 166 167 171 172 173 174 175 180 183 185 188 189 190 194 197
24 4 6 7 8 9 13 20 22 25 27 28 29 31 33 39 41 42 44 47 48 49 51 52 53 54 56 58 59 60 61 63 64 65 67 68 69 71 72 73 74 78 80 83 84 85 86 87 89 90 91 92 93 96 97 98 101 103 105 106 108 109 111 113 115 116 119 121 122 123 124 125 126 127 133 134 135 137 138 139 140 141 142 143 145 146 147 149 150 151 152 153 154 155 158 159 160 162 163 167 168 169 172 173 174 175 176 178 179 184 185 187 188 190 193 194 196
27 4 8 9 13 17 22 25 29 30 31 33 34 35 36 38 40 41 44 45 50 52 55 59 60 61 64 66 67 70 71 72 73 75 76 77 78 80 81 82 84 86 87 88 90 92 93 96 99 100 101 102 103 104 105 107 109 111 113 115 117 120 121 122 123 124 127 128 129 130 131 132 133 134 135 137 139 140 141 142 143 144 145 147 148 149 150 151 152 153 154 157 158 159 161 162 165 166 167 168 169 170 171 173 178 179 180 181 182 184 186 187 188 189 190 192 197 198 199
28 4 6 8 14 19 22 25 26 29 30 33 34 35 36 37 38 41 42 43 45 46 47 48 50 51 56 57 59 61 62 66 69 72 73 74 76 77 78 81 82 83 84 88 89 90 92 93 96 97 100 101 103 106 108 112 114 116 117 118 121 122 123 124 125 126 128 129 130 132 133 134 136 141 142 143 144 145 146 147 148 149 152 154 156 157 158 160 162 163 165 167 168 171 172 174 177 178 179 182 183 184 185 187 188 190 192 193 197 199
29 4 6 13 19 25 32 34 35 36 39 40 41 44 46 49 50 51 53 54 55 56 59 60 62 63 64 65 67 70 71 74 76 77 79 82 83 84 86 87 88 91 93 95 97 98 100 101 102 103 104 105 106 108 110 111 112 113 115 116 117 118 121 122 124 125 126 127 130 134 135 136 137 139 141 142 145 146 149 150 151 153 157 159 162 163 166 167 168 171 172 173 174 175 179 182 183 184 185 189 190 191 192 193 195 198
31 4 6 7 8 9 13 14 17 19 20 26 30 32 33 34 35 36 37 39 40 43 44 47 49 50 52 54 55 57 60 63 64 66 67 69 71 73 74 76 78 79 80 81 83 84 85 86 87 88 90 91 92 95 96 99 100 102 103 104 108 109 110 113 114 116 120 121 123 125 126 127 128 129 131 134 135 136 141 142 145 146 148 151 152 154 158 159 161 165 167 168 169 170 171 173 174 176 177 178 179 180 182 184 186 189 190 191 192 194 198 199
32 6 8 14 17 19 22 25 30 33 35 37 39 40 42 43 44 48 56 57 58 60 61 64 65 67 68 70 71 73 74 75 77 78 79 80 81 82 83 86 87 90 91 93 94 98 99 100 103 104 105 108 109 111 112 115 118 121 122 125 128 131 132 133 134 135 136 139 140 141 142 143 144 146 149 150 151 152 153 155 156 160 161 162 163 164 165 166 167 169 170 172 173 174 175 177 178 179 180 183 185 186 187 188 191 192 195 196 198
33 4 6 7 9 14 17 22 36 38 39 40 41 44 46 47 49 50 54 55 57 58 63 64 68 69 71 75 76 78 79 80 81 84 86 89 90 91 92 93 94 95 96 97 98 100 101 102 103 106 107 111 112 116 118 119 120 121 122 126 127 128 129 131 132 133 134 135 136 137 138 139 140 141 144 146 147 150 152 155 156 157 158 161 162 163 164 167 170 171 172 174 178 180 185 186 187 188 189 190 191 192 193 194 196 197
34 4 6 8 9 14 17 19 20 22 25 26 30 35 36 37 39 40 41 43 44 45 47 48 49 51 53 55 57 58 59 61 63 64 65 66 67 69 72 75 76 77 78 79 80 81 82 84 86 87 89 91 92 99 105 106 108 110 112 115 119 120 121 124 126 128 130 132 134 136 137 138 139 141 143 144 145 150 154 156 158 161 163 164 165 166 167 169 172 173 174 175 176 177 178 180 181 184 185 186 188 193 195 199
35 6 7 8 9 13 14 20 25 36 37 39 40 41 42 43 45 46 48 49 50 51 54 55 56 57 58 61 62 65 69 70 71 72 73 74 76 79 82 83 84 85 87 88 91 92 93 94 95 96 97 98 99 100 103 107 108 112 113 115 116 117 118 119 121 122 124 125 127 128 129 131 134 136 139 140 142 143 150 151 152 153 154 155 156 157 158 159 160 164 166 167 168 169 170 171 172 174 175 177 178 180 181 182 184 186 187 188 190 194 195 196 198
37 4 6 7 19 20 22 30 38 39 40 41 42 43 44 45 46 47 48 52 53 55 56 57 60 62 63 64 67 68 69 70 72 73 75 77 82 83 84 86 87 88 90 94 96 97 98 99 100 102 103 106 107 108 109 111 112 114 115 117 119 120 121 122 123 125 127 129 134 137 138 139 143 144 145 146 147 150 151 153 154 157 160 161 163 164 165 167 168 172 174 175 177 181 185 186 189 194 198 199
38 7 8 9 13 14 17 26 30 40 41 42 43 44 45 46 47 48 49 50 52 53 54 55 56 57 58 59 60 64 67 68 70 71 73 74 75 79 80 81 82 84 85 86 87 88 90 91 92 93 94 97 98 99 100 101 103 104 105 106 109 110 111 112 113 114 116 117 118 121 122 123 124 125 127 131 132 134 139 141 142 143 144 145 146 148 150 151 152 153 155 156 160 161 162 164 165 166 169 172 175 176 180 181 182 186 188 190 191 193 194 197 198
39 4 6 8 13 14 17 19 26 30 36 40 41 42 43 44 46 47 51 52 53 54 56 58 62 64 67 68 70 71 77 79 80 81 82 83 84 85 86 89 91 92 93 94 95 97 99 100 102 103 104 105 114 118 119 123 126 127 130 131 133 135 138 139 140 141 144 145 147 149 150 151 153 154 156 157 160 163 164 165 166 170 172 173 174 176 177 180 182 183 185 187 192 194 198
43 4 6 7 9 17 22 26 30 40 41 44 45 46 47 48 49 50 51 53 54 58 59 61 62 65 66 73 80 82 83 85 87 88 89 90 92 93 98 99 100 102 107 108 109 112 114 116 117 118 119 120 121 122 123 124 126 128 130 131 135 136 137 139 140 143 147 150 152 154 155 156 157 159 162 167 169 170 172 173 174 178 179 181 182 183 184 185 186 187 189 190 191 193 194 196 197
44 4 6 8 9 14 22 25 26 30 40 46 47 48 49 50 51 52 53 56 57 58 59 60 61 65 66 68 71 72 73 74 81 83 85 86 87 88 90 91 92 99 101 103 104 106 113 114 115 116 117 119 120 121 122 123 124 125 126 127 129 130 134 135 137 138 139 141 143 146 147 148 149 150 151 154 155 156 159 161 162 163 165 170 171 172 173 174 175 178 179 180 184 185 191 192 193 194 195 196 198 199
45 6 7 8 9 13 14 17 19 22 25 26 30 40 41 42 46 47 49 51 52 54 55 56 58 60 62 64 66 67 68 69 70 72 73 74 75 77 78 79 80 83 84 85 88 89 91 94 95 97 98 99 100 101 102 103 104 106 107 109 110 111 112 113 114 116 119 123 125 127 131 135 136 138 139 140 142 143 145 146 147 148 150 152 154 155 161 162 164 165 166 168 169 173 179 180 183 184 185 186 187 188 189 190 194 195 196 198 199
49 6 9 14 19 20 26 30 36 40 47 48 52 54 55 57 59 60 63 65 67 68 69 71 72 73 75 79 80 81 82 83 84 85 87 88 89 90 93 94 95 96 97 98 100 103 106 107 109 110 111 112 113 114 116 118 119 120 124 126 132 133 137 138 139 140 142 143 144 145 146 147 148 150 153 154 155 160 162 164 165 166 167 168 169 171 173 175 176 177 178 179 183 184 186 187 188 190 191 192 193 194 195 198 199
50 4 6 9 13 17 20 22 30 36 41 47 51 52 53 55 56 59 60 61 62 64 65 66 67 68 69 71 72 75 76 77 79 80 82 86 88 89 90 92 93 96 97 100 105 106 108 109 110 114 116 117 118 119 121 122 123 124 126 128 130 131 132 134 135 137 138 139 140 144 145 146 147 149 150 151 152 153 154 156 160 163 164 165 167 168 170 172 174 175 176 177 179 182 183 184 185 186 187 188 189 190 192 194 195 196 197 198
52 6 7 8 9 14 17 19 20 25 30 40 41 54 59 60 61 63 64 65 66 67 69 71 73 76 78 79 82 85 91 93 94 96 100 101 103 104 106 107 108 109 110 111 112 116 117 118 119 120 121 122 125 127 128 129 131 136 137 138 139 141 142 145 146 148 150 153 154 155 157 160 164 166 168 170 171 172 173 174 175 179 180 181 184 185 186 189 190 192 193 194 196 197 198 199
54 4 6 7 8 9 14 19 25 26 30 40 42 46 47 48 51 53 55 56 58 59 60 61 62 66 69 70 71 72 75 76 77 79 85 86 87 91 93 94 98 99 101 102 103 104 105 106 107 109 110 111 112 113 114 115 116 117 120 122 123 124 125 129 130 135 136 137 138 139 141 142 143 150 152 154 155 164 167 168 171 172 173 176 177 178 179 180 181 182 186 188 190 191 192 193 199
55 6 8 9 14 19 20 22 25 36 46 47 51 56 57 58 59 63 64 65 66 67 68 69 72 75 76 77 79 80 83 84 85 86 88 91 92 93 95 99 100 102 103 104 105 107 108 109 110 111 112 113 115 116 117 118 119 120 122 123 124 126 129 131 133 134 135 136 138 139 140 141 142 143 144 147 148 150 151 152 153 155 158 159 160 161 163 164 168 169 171 174 178 180 182 183 184 186 187 188 189 190 192 198 199
56 4 6 7 8 9 14 17 19 20 25 26 30 36 41 42 47 48 51 53 58 59 60 61 62 63 64 65 67 68 69 70 71 72 73 77 78 80 81 82 85 86 87 88 89 91 92 94 95 100 105 106 107 112 114 116 119 120 122 123 124 125 127 129 131 132 134 135 141 142 143 144 145 146 147 149 150 152 155 157 160 162 165 166 167 168 171 172 174 175 176 179 180 181 182 183 185 187 188 190 193 194 196 197 199
57 4 6 7 8 17 20 22 26 30 40 42 53 58 59 60 61 63 67 68 78 80 82 83 84 85 87 88 89 90 92 93 95 96 97 98 99 100 102 103 104 105 106 107 111 112 113 115 116 117 121 126 127 128 129 130 133 134 136 137 138 139 141 143 144 145 146 148 149 150 153 154 155 157 158 160 161 166 169 170 172 173 175 176 177 179 180 181 183 184 185 186 187 190 191 192 193 194 195 198 199
58 4 7 8 9 17 19 20 30 36 40 41 46 47 51 53 60 61 62 63 64 65 66 67 69 70 76 82 84 85 86 87 90 91 95 97 98 100 104 105 106 107 108 109 110 113 114 115 116 117 118 119 120 124 125 127 128 129 130 131 133 134 135 136 139 140 142 143 144 145 146 147 148 153 155 156 157 158 160 162 165 166 169 170 172 173 174 179 180 181 183 186 188 191 192 193 195 196 198 199
60 6 7 9 14 17 19 20 22 25 26 30 36 42 46 47 51 53 62 63 64 66 69 70 71 72 76 78 80 81 83 87 92 93 94 95 97 98 100 101 102 104 105 106 107 108 109 110 111 112 113 114 116 117 118 121 124 125 126 127 130 131 132 133 135 136 138 139 140 142 143 144 145 146 149 150 152 155 156 157 159 161 162 164 166 167 168 170 173 177 179 182 183 184 186 191 192 193 194 195 196 197 198
61 4 8 9 13 17 20 22 25 26 36 40 41 46 47 48 51 53 62 63 64 65 66 67 69 71 72 73 75 77 81 82 83 84 85 86 87 92 94 96 97 99 100 102 106 109 110 111 112 114 115 119 122 123 124 125 126 128 136 137 138 142 144 150 152 153 154 157 158 159 160 161 163 165 166 167 169 171 172 173 174 175 176 177 179 181 182 185 186 187 188 189 190 195
63 4 6 7 8 9 13 14 17 19 20 26 30 42 47 48 51 59 64 65 66 67 71 72 73 74 78 79 85 86 89 90 91 92 94 95 97 98 100 103 106 110 111 115 116 117 122 124 126 128 129 131 132 133 136 137 138 141 142 143 145 146 147 149 150 151 152 158 159 161 162 165 166 167 168 169 170 172 173 174 175 176 179 180 181 183 184 185 186 187 188 189 191 193 194 198 199
64 4 6 9 17 19 20 22 25 26 36 41 42 46 48 53 62 65 66 68 69 70 71 72 74 75 77 78 79 80 81 83 84 85 89 91 92 93 94 97 99 101 102 103 104 106 108 110 112 114 115 116 117 118 120 121 122 125 126 130 131 133 134 136 138 139 140 141 142 143 145 146 148 151 152 156 158 160 161 164 165 166 167 169 170 171 172 173 175 176 178 180 181 182 183 186 187 188 189 190 191 193 196 198 199
66 7 9 13 14 17 20 25 26 30 40 41 46 47 48 62 68 71 72 75 77 78 80 82 83 84 86 87 89 91 93 95 97 99 101 102 103 104 106 107 108 111 112 113 115 116 118 120 121 123 124 125 128 129 130 134 135 136 137 139 140 142 145 146 151 153 155 156 157 159 160 163 166 167 168 170 171 172 175 176 178 181 183 185 186 187 188 189 190 193 194 195 197 198
67 4 6 7 9 13 14 20 25 26 30 36 40 42 47 48 51 53 59 62 65 69 70 72 73 74 75 76 77 85 87 88 89 91 92 95 97 98 100 101 102 104 105 106 114 116 117 118 121 124 125 128 129 133 135 136 137 138 140 141 142 143 144 146 147 148 149 150 155 156 157 159 160 161 162 164 167 168 170 171 172 173 174 175 178 179 180 184 185 188 189 190 195 197
69 4 13 17 19 20 40 41 47 59 62 65 68 70 71 73 79 80 81 82 83 86 89 90 92 93 96 100 102 105 106 107 108 110 111 112 113 116 118 119 120 122 125 129 130 131 132 135 136 138 140 141 143 148 152 155 156 158 161 162 165 167 168 170 171 172 176 182 183 185 186 187 188 190 191 193 194 196 197 199
70 6 8 9 14 17 20 22 25 26 40 42 46 48 59 68 72 73 74 75 76 77 78 80 82 83 84 85 86 87 88 89 90 91 92 94 98 101 102 103 105 106 108 112 113 114 116 117 119 121 122 123 125 126 127 129 130 131 132 135 137 139 140 141 142 144 145 153 154 155 159 160 164 165 166 167 168 169 172 173 174 175 176 177 178 182 183 184 185 187 189 190 191 192 193 194 195 198 199
72 4 6 7 9 13 14 19 25 36 40 41 42 47 48 53 68 73 74 75 77 78 80 83 85 86 87 90 91 92 93 96 97 100 101 102 104 107 115 116 118 119 120 121 127 128 130 131 132 133 134 136 137 138 140 142 144 146 147 148 150 151 153 154 156 157 160 161 165 166 167 168 170 173 174 175 176 177 179 180 181 182 183 186 189 190 191 192 193 194 197 198 199
74 6 7 8 13 14 17 19 20 22 26 30 41 42 46 48 53 59 62 65 68 71 73 75 76 78 80 82 83 86 88 89 90 91 93 97 98 99 100 101 105 106 108 113 114 116 117 118 119 120 122 124 127 129 130 133 134 135 136 138 139 140 143 144 145 146 147 149 150 151 152 153 155 158 159 160 161 162 163 164 166 170 171 173 175 176 177 178 180 182 184 186 187 188 189 191 192 193 194 196 198 199
78 4 6 9 13 17 19 22 25 30 36 40 41 42 46 53 59 65 68 71 75 76 77 81 83 84 85 86 88 91 93 94 95 96 97 98 99 100 105 106 107 108 109 110 111 112 113 114 116 117 119 120 121 122 123 126 130 131 132 133 134 138 147 149 150 152 156 159 162 163 165 170 171 172 173 176 177 178 179 183 184 185 188 189 190 191 192 193 195 197 198 199
79 4 6 8 13 14 17 20 22 25 36 40 41 46 47 48 51 53 62 71 75 77 80 82 83 84 85 86 88 89 95 96 99 100 101 102 106 108 109 110 113 114 116 118 119 120 121 123 124 126 128 129 131 132 133 134 135 137 138 140 141 142 143 144 145 146 148 149 150 151 152 155 159 164 168 169 170 171 172 174 175 176 177 178 179 180 181 182 185 186 187 190 191 193 194 196 197 198 199
80 4 7 13 14 19 22 25 41 48 53 59 62 75 76 77 81 82 84 86 87 88 89 90 91 96 97 101 102 104 105 106 107 108 109 110 111 112 114 115 116 117 118 120 122 124 126 127 128 129 131 132 134 135 136 137 138 140 142 143 144 145 146 147 148 149 150 154 155 157 158 159 160 161 164 170 172 175 178 179 180 181 182 183 185 187 188 191 192 194 195 196 197 198 199
81 6 7 13 30 36 40 41 46 47 48 51 53 62 65 75 76 77 82 83 86 88 89 90 91 92 94 95 96 97 100 102 105 107 109 110 111 114 117 120 121 122 124 125 126 128 133 134 137 139 141 144 145 146 147 151 153 154 159 160 162 163 164 165 166 169 171 172 173 174 175 176 177 178 179 180 181 182 183 184 185 187 191 193 194 195 196 197 198 199
82 6 8 9 13 17 20 22 25 26 40 41 46 47 53 59 62 65 68 71 75 76 85 87 88 89 91 92 94 95 97 98 99 100 103 105 107 108 112 113 114 117 120 121 123 125 126 128 132 133 134 135 136 140 141 144 145 146 148 149 150 151 152 153 154 155 156 158 159 161 164 165 168 169 170 171 172 173 174 176 177 180 181 182 183 185 186 187 188 189 190 192 193 194 196 197
83 7 9 13 19 22 26 30 36 40 41 47 51 59 71 73 75 76 77 84 85 86 90 91 92 96 97 101 102 103 104 105 107 108 110 111 112 114 116 117 118 119 121 122 123 124 126 128 129 130 135 136 137 141 142 143 147 148 149 151 152 156 157 158 161 162 163 165 166 169 171 172 174 175 176 177 180 181 182 184 185 187 189 190 193 195 196 197 198
84 4 17 19 20 22 25 36 40 41 42 46 53 62 65 68 71 75 76 77 88 90 91 92 93 95 96 98 100 101 102 105 106 107 108 109 110 113 115 119 120 121 122 123 125 126 127 129 131 132 135 136 137 138 139 142 144 145 146 147 148 150 152 155 156 158 159 160 163 164 165 167 168 169 171 172 174 175 176 179 180 181 183 185 186 187 188 189 190 192 193 194 195 196
85 6 7 8 9 14 17 19 22 25 30 40 41 42 46 47 48 51 53 62 65 71 73 75 77 86 87 88 89 90 92 93 94 95 96 97 99 100 104 105 106 107 109 110 111 113 116 118 119 120 121 122 125 126 127 130 132 134 139 140 142 143 144 145 146 147 150 151 152 153 155 156 158 159 160 161 162 167 168 172 173 174 175 177 178 180 181 182 185 186 187 188 190 191 192 194 195 197 198 199
87 4 7 8 9 13 14 17 19 20 22 25 26 40 42 46 47 48 53 59 62 65 68 75 77 90 91 92 93 94 95 96 97 98 99 101 104 105 106 108 110 111 114 115 116 117 118 119 121 122 123 124 125 126 127 129 130 133 134 141 142 146 147 148 150 151 156 157 158 159 161 163 164 168 170 172 173 175 176 179 182 184 185 188 191 192 193 195 196 198 199
88 4 6 13 17 20 25 30 42 46 53 59 62 73 77 89 91 92 93 94 95 98 100 101 102 103 104 109 110 111 112 113 114 115 116 117 119 120 121 124 127 128 130 133 134 136 137 141 142 143 144 147 148 149 150 152 153 160 161 162 163 164 166 167 168 169 170 171 173 174 175 177 178 180 182 185 186 187 189 190 192 194 196 198
92 7 8 9 13 14 17 22 41 46 48 53 59 65 68 71 75 76 86 89 97 99 100 101 102 103 106 107 108 110 112 117 118 120 121 122 123 124 125 126 127 133 134 135 136 138 142 144 146 147 148 153 154 155 157 158 159 160 161 163 166 167 169 170 171 172 174 175 178 182 183 184 186 187 188 189 190 191 192 193 198 199
93 4 6 7 8 13 19 20 26 30 36 41 42 46 47 51 53 59 62 65 68 73 75 76 77 86 89 96 97 98 99 101 102 104 105 106 107 108 109 111 112 113 119 121 122 123 125 127 130 131 133 134 135 136 137 138 140 141 143 144 145 147 148 151 152 153 155 156 159 160 165 167 172 173 175 176 179 182 183 184 186 187 189 191 194 195 196
99 4 7 9 13 17 19 22 26 36 40 41 47 51 65 68 73 77 89 90 91 94 95 98 100 102 103 104 109 110 111 113 114 115 116 118 119 120 122 123 124 128 129 130 132 136 137 138 139 141 147 149 150 152 153 154 156 157 159 160 162 164 166 167 169 170 171 172 173 175 176 177 178 179 180 182 183 185 187 188 189 191 193 194 195 196 197 198
100 4 6 7 17 19 20 25 26 30 36 41 46 47 51 53 59 65 71 75 76 86 90 91 94 95 96 101 105 107 108 109 110 112 113 115 116 117 118 120 121 124 125 126 128 130 131 132 133 136 138 139 141 144 145 146 147 151 152 153 155 157 160 162 163 164 165 169 171 173 174 175 176 178 181 182 183 184 185 186 187 188 189 190 192 193 194 197 198
101 4 6 7 8 13 17 20 25 30 36 40 42 46 47 51 59 62 65 68 71 73 75 77 86 89 96 103 104 105 106 107 109 112 116 119 120 121 122 123 124 127 129 130 131 132 133 135 136 137 138 140 141 143 145 146 147 149 153 154 155 156 158 160 162 163 164 165 166 170 171 173 174 175 176 177 178 179 180 181 185 186 187 190
104 4 9 14 17 19 22 30 36 40 46 47 48 51 53 59 65 71 86 89 95 96 97 102 103 105 107 108 111 112 114 115 118 119 121 122 123 125 126 127 128 129 130 132 133 136 137 138 139 140 141 142 143 145 146 148 149 151 152 153 154 155 158 164 166 167 168 169 173 175 176 177 178 179 180 181 182 183 184 185 186 187 189 191 192 193 197 198 199
105 4 6 7 13 14 17 19 20 25 30 41 42 46 47 51 62 65 73 75 77 89 90 91 94 98 102 103 106 107 108 109 110 111 112 114 115 117 119 121 122 123 124 125 126 127 128 129 130 131 132 135 137 138 140 142 145 146 149 150 151 152 153 154 156 157 158 159 160 161 163 164 165 170 172 173 174 175 176 177 178 179 180 182 183 185 186 187 188 189 190 192 193 194 198
106 6 9 14 19 20 22 25 26 36 41 46 47 48 51 53 59 65 68 73 75 77 86 90 94 95 96 102 107 108 109 111 112 115 118 119 121 122 123 124 126 127 128 131 133 134 135 137 138 139 141 142 143 145 146 150 151 153 154 155 157 158 160 161 163 168 170 172 173 175 178 179 180 181 183 186 188 189 191 192 194 197 198
107 14 19 20 22 25 36 46 47 51 53 59 62 71 77 86 89 90 94 95 98 102 103 109 110 111 113 114 116 117 118 123 124 127 128 130 131 133 137 138 139 140 141 142 144 145 146 147 149 151 154 155 158 160 161 162 164 168 169 170 171 172 173 175 176 179 180 181 182 183 186 188 189 190 191 192 193 195 196 197 198 199
108 4 7 8 9 13 14 20 22 25 26 30 36 40 42 46 47 62 65 68 71 76 77 86 89 90 91 94 95 97 98 102 109 110 112 113 114 115 116 117 118 119 120 124 125 126 133 134 136 137 139 140 141 142 143 145 148 149 150 152 154 158 162 163 167 168 169 172 174 175 178 181 185 187 188 189 192 194 195 196 197 198
111 4 6 9 13 14 17 19 20 22 25 26 40 41 42 48 53 59 65 68 71 73 75 76 77 86 89 91 95 97 98 102 109 110 113 115 116 118 119 121 122 123 124 125 128 130 131 132 133 134 136 137 141 143 144 145 146 147 148 149 153 154 155 157 158 159 161 162 163 164 166 167 168 169 170 172 173 174 175 176 177 178 179 180 181 182 183 187 189 191 193 194 196 197 199
113 4 7 9 13 14 17 19 20 22 30 41 42 47 53 59 62 68 71 76 89 91 94 96 98 109 115 116 117 119 120 121 122 124 125 126 129 132 135 138 139 140 141 142 143 145 146 147 152 153 154 156 162 163 164 166 167 169 170 172 173 174 177 178 179 181 183 184 185 188 189 190 191 192 196 197
115 4 6 14 17 19 25 26 30 40 41 42 47 48 51 53 59 62 65 71 73 75 76 86 89 90 94 96 102 103 109 110 112 118 119 123 126 127 131 132 133 135 137 139 140 141 143 144 145 146 147 151 152 153 154 155 156 157 158 161 162 163 164 165 166 167 168 170 176 177 179 180 181 183 184 185 188 189 190 192 196 197 199
116 4 7 13 14 17 19 30 36 40 41 47 53 59 62 65 73 75 76 77 86 89 97 98 102 103 109 110 114 118 120 121 124 127 128 131 132 135 136 138 140 141 143 145 146 150 151 153 154 155 156 158 159 160 161 163 164 165 166 168 172 174 175 177 178 179 182 183 188 189 195 196 197 198
119 4 9 17 19 20 22 25 26 30 40 46 47 59 62 68 76 86 89 90 96 97 98 102 103 109 114 122 123 125 126 127 128 130 131 132 134 135 137 140 141 142 143 144 145 146 147 149 150 151 152 153 154 155 156 157 160 161 162 163 164 165 166 170 173 175 180 181 182 183 184 185 186 187 188 189 191 192 193 194 195 197 198
120 6 9 13 19 20 22 25 30 40 41 42 47 48 53 62 65 71 75 89 91 94 95 96 97 98 109 110 112 121 122 123 124 125 127 129 131 133 134 135 136 137 138 139 140 142 147 150 151 152 153 154 155 157 158 163 164 167 168 169 171 172 175 177 178 179 181 182 183 184 185 186 187 189 190 192 193 195 196 197 198
122 7 8 13 20 22 25 26 30 36 42 46 47 48 53 59 62 65 68 73 75 76 77 86 89 90 91 97 98 109 114 117 118 121 124 125 128 129 130 131 133 134 135 136 137 138 139 141 142 145 148 149 153 155 156 157 161 162 164 165 167 168 170 173 175 176 179 180 181 183 184 185 186 188 189 191 192 193 195 197 199
123 4 7 8 9 13 14 17 19 26 30 42 51 62 65 73 86 89 91 94 95 96 98 102 103 118 124 126 129 130 132 134 135 136 137 138 139 140 143 144 145 146 148 149 151 152 153 155 158 159 160 161 163 164 166 170 171 172 174 179 181 183 185 189 191 192 194 195 196 197 198
124 4 6 7 8 13 14 17 20 22 25 26 36 40 46 48 59 62 65 68 71 77 89 90 95 96 97 98 102 110 114 121 125 126 127 128 129 130 131 133 134 135 136 137 138 139 141 142 143 145 146 148 149 150 151 152 153 155 156 158 159 165 166 167 169 170 173 174 176 183 186 187 188 190 191 193 194 195 198
126 4 6 8 9 14 17 19 20 22 26 30 36 41 42 46 47 51 53 59 68 75 76 86 89 90 91 97 98 102 110 112 117 118 121 125 127 128 129 132 135 138 140 141 142 145 150 152 153 155 157 158 160 161 162 163 164 167 168 169 170 172 173 174 175 177 178 182 184 189 192 193 195 197 198 199
127 4 7 17 19 20 22 25 40 41 42 46 48 53 59 65 71 73 75 77 86 91 94 95 97 102 103 109 110 112 114 118 128 129 130 132 134 135 136 137 138 139 140 141 142 143 145 146 149 151 152 153 154 156 161 162 163 165 166 168 169 170 171 173 174 175 176 178 180 181 183 186 187 188 191 192 193 194 197 198
129 7 8 9 13 17 19 20 22 25 30 41 48 65 68 71 73 75 76 86 89 90 91 95 96 97 103 109 110 114 117 118 130 131 132 135 137 138 139 140 141 142 143 144 145 146 147 150 151 153 154 155 156 157 159 160 163 164 165 168 169 171 172 173 177 178 183 188 191 192 194 196 197 199
130 6 7 13 14 17 19 22 26 30 36 41 42 46 47 48 51 59 62 71 75 76 86 91 94 95 97 98 103 109 110 112 114 118 121 125 131 133 135 141 146 147 149 150 151 152 153 156 159 160 161 163 165 166 167 168 169 170 171 172 174 175 179 180 181 182 183 186 188 189 192 194 199
132 6 7 14 20 22 41 42 46 47 48 59 65 68 71 75 77 90 91 94 95 96 97 98 102 103 109 110 114 118 121 125 128 131 133 135 137 138 140 141 143 145 146 147 148 150 151 152 153 154 155 158 159 160 162 163 164 165 167 168 169 172 174 175 180 184 187 188 189 191 192 193 196 197 198 199
133 4 6 8 9 13 14 20 25 26 30 36 40 41 42 47 48 65 68 73 75 77 86 90 91 97 98 102 103 109 117 121 128 131 134 135 139 140 141 142 143 144 145 150 151 155 156 157 158 159 161 162 163 164 165 166 167 168 169 170 171 173 175 177 178 180 183 184 185 186 187 188 189 190 191 192 194 196
136 7 13 14 20 26 41 42 46 48 51 59 65 68 71 75 76 77 89 90 91 95 97 98 103 110 112 117 125 131 135 143 144 145 147 148 151 152 153 154 155 158 162 165 166 167 168 169 173 174 176 178 184 185 186 188 190 194 196 197 199
137 4 6 9 17 19 20 22 25 26 30 36 40 41 42 48 53 59 62 65 68 71 73 75 76 77 89 90 91 94 97 98 103 109 112 118 121 131 134 138 139 140 141 142 144 148 149 153 154 159 160 161 163 164 165 167 169 170 171 172 174 176 177 178 179 181 184 185 187 189 190 191 193 195 196 198 199
139 7 9 14 17 19 25 30 41 42 46 48 51 53 59 62 65 68 71 73 76 77 86 89 90 91 94 95 96 97 98 102 109 110 112 117 118 121 125 128 134 138 140 141 144 147 148 150 151 152 155 156 162 163 164 165 169 171 173 176 178 181 183 185 186 189 190 192 196 198 199
143 4 6 7 8 9 13 14 17 20 26 30 51 59 62 68 71 77 91 94 96 97 98 102 103 109 117 125 131 134 138 142 144 147 148 149 150 151 152 153 154 155 157 160 161 162 163 165 166 167 168 170 171 172 173 177 180 182 186 189 191 194 196 197 199
144 6 7 8 9 14 17 19 20 25 30 36 41 47 51 65 71 73 76 77 86 89 90 94 95 97 98 102 110 112 118 125 128 131 134 140 142 146 147 148 149 151 152 153 157 159 160 161 162 163 165 166 168 169 170 172 173 174 175 176 179 185 189 192 193 194 195 199
145 6 9 13 14 17 19 22 25 30 36 41 46 48 51 53 62 65 73 76 77 91 94 95 97 102 103 114 118 121 125 128 131 135 140 141 142 146 147 148 151 157 158 159 162 163 165 168 169 170 171 174 175 176 177 179 180 181 182 183 184 189 191 193 194 195 198 199
148 4 6 7 8 14 25 26 30 40 41 46 47 48 53 59 65 71 76 77 86 89 91 96 112 114 117 118 131 134 135 140 141 147 150 152 153 154 155 158 159 161 162 164 166 169 170 171 172 174 175 177 179 182 184 186 191 194 195 196 197 199
149 4 6 7 8 9 13 14 17 19 20 22 25 30 41 42 47 48 59 68 71 73 75 76 94 95 102 103 109 112 114 117 121 125 128 134 135 140 141 142 146 147 151 152 154 155 157 158 160 161 162 165 166 167 168 169 170 171 175 176 177 179 180 183 184 186 187 188 190 191 193 196 197 198
152 4 6 8 14 19 20 22 25 26 30 36 42 46 47 51 59 62 68 71 73 76 86 94 95 96 98 103 109 110 114 117 118 121 125 128 135 138 140 141 142 146 147 150 154 155 158 159 160 161 162 163 165 166 167 168 170 176 180 184 188 189 190 192 195 197
154 4 6 8 9 17 19 20 22 25 26 30 36 40 41 47 48 53 59 62 71 76 77 86 89 90 94 95 98 103 112 121 125 128 131 134 135 138 140 141 147 150 153 155 158 159 160 161 163 164 165 166 169 171 172 173 174 176 178 180 181 185 187 188 189 190 192 194 195 196 197 198
155 6 8 13 14 19 20 25 26 40 42 46 48 59 62 65 68 73 77 90 91 94 95 96 103 112 114 121 125 131 134 138 146 151 153 156 157 160 161 162 163 164 165 167 168 169 170 173 174 175 176 180 182 183 184 185 186 187 189 191 192 193 196 197 198
158 6 7 8 13 17 19 20 22 26 36 40 41 42 47 48 51 59 62 68 77 89 94 97 102 109 114 117 121 125 128 131 140 142 146 151 153 159 160 161 162 164 165 166 167 173 174 175 177 178 180 181 182 184 185 186 187 190 192 195 196 197 199
161 6 7 8 9 13 14 17 22 25 26 30 42 46 53 59 68 71 73 75 77 86 89 91 97 102 103 110 114 125 128 131 134 135 138 140 141 146 147 151 153 156 157 160 162 163 164 165 167 168 169 170 171 173 174 176 178 180 181 183 185 187 188 190 191 192 193 194 195 196 197 198
163 8 13 19 26 36 40 42 46 47 48 51 53 71 73 75 76 89 90 91 94 97 98 102 110 112 131 134 138 140 142 146 147 150 156 159 162 165 166 167 169 172 173 178 180 181 184 185 186 188 189 190 193 196 197 199
164 4 6 7 8 9 13 14 17 25 41 42 46 47 48 51 53 59 62 65 68 71 75 76 77 86 89 90 91 94 95 96 98 102 103 114 118 121 125 128 131 135 140 146 150 153 157 162 167 168 169 170 171 172 173 174 175 176 177 178 180 181 182 183 186 187 188 189 190 193 194 195 196 197 198 199
165 4 9 14 17 19 22 25 26 30 40 42 47 51 53 59 68 71 73 75 86 89 90 95 96 97 102 110 114 121 125 128 131 134 138 140 146 147 150 157 159 160 162 166 168 171 173 175 176 179 182 183 185 188 189 190 191 192 193 194 197 198 199
166 4 6 7 9 13 14 17 20 26 30 41 46 48 51 53 65 68 71 73 76 89 91 97 103 109 110 114 117 118 125 128 131 134 135 140 141 142 146 147 156 167 168 169 171 172 175 178 179 180 183 185 186 188 189 193 194 195 196 197 198 199
167 4 8 9 13 14 17 19 20 22 26 30 36 40 42 48 53 59 62 65 73 75 76 86 89 91 95 97 102 109 112 117 118 128 134 141 150 151 153 156 157 159 160 162 169 170 171 173 175 176 180 181 182 183 187 188 190 193 194 195 196 198
168 4 6 8 13 17 19 30 36 41 42 47 51 62 68 71 73 75 86 95 98 102 103 109 114 117 118 121 125 131 134 141 142 147 151 153 157 159 160 169 170 172 174 175 176 179 181 182 183 184 185 186 188 189 190 191 194 195 196 197 198
169 8 9 14 17 22 25 26 30 40 42 46 48 51 62 68 77 86 89 94 95 98 103 109 117 121 125 128 131 134 138 141 142 151 156 159 162 170 171 172 174 175 177 178 182 183 185 187 188 190 191 192 193 198
175 4 7 8 9 14 17 20 22 25 26 30 36 40 41 42 46 51 62 68 71 76 86 89 90 91 94 95 96 103 109 110 112 117 118 121 125 128 131 134 135 140 142 146 147 156 162 171 173 174 176 177 179 180 182 184 185 187 189 191 193 194 195 196 198 199
176 4 13 17 19 20 25 26 36 41 48 51 59 65 73 77 86 89 90 94 95 96 97 102 103 109 110 117 118 121 128 131 134 135 138 140 141 142 146 150 157 170 172 173 174 179 180 181 182 185 186 191 192 193 195 196 198 199
180 8 9 13 17 22 25 26 36 41 46 47 48 51 53 59 62 71 73 75 77 90 91 94 95 97 98 102 103 109 110 112 121 131 134 138 142 146 147 159 160 170 171 172 173 177 179 182 183 185 186 187 188 189 190 192 193 194 197 198
181 4 6 7 8 9 13 14 17 19 22 25 30 40 41 42 46 47 48 51 53 62 65 73 77 86 90 91 94 97 98 103 109 110 112 114 117 121 125 128 134 135 140 141 142 147 150 151 153 156 157 160 170 171 173 174 178 179 182 184 188 189 190 192 194 195 196 197
182 6 9 14 17 20 22 26 30 36 40 41 42 47 51 59 71 73 75 76 77 86 89 91 94 98 102 110 114 117 118 121 134 135 138 140 141 146 147 151 153 156 157 159 160 172 174 177 178 179 184 188 189 190 191 192 193 194 195 196 197 199
183 4 6 7 9 13 14 20 22 25 26 30 36 40 41 42 46 47 51 53 59 65 68 75 77 86 89 94 95 96 97 98 102 103 110 114 117 118 125 131 134 135 140 141 147 151 156 157 159 162 171 174 178 185 186 190 193 194 196 198 199
184 6 7 8 13 17 19 20 26 40 41 47 51 53 59 62 65 73 75 90 94 95 97 98 102 110 112 114 125 128 131 134 135 138 140 142 147 150 153 157 159 160 162 171 172 173 177 179 185 186 190 191 192 193 194 195 197
185 4 8 14 20 22 26 41 47 51 53 62 71 73 75 76 89 90 91 94 95 96 103 110 112 121 134 135 138 140 141 142 147 150 159 160 162 170 173 177 178 188 191 193 194 195 197 198
188 4 8 9 13 14 19 20 36 40 41 42 46 47 48 51 53 59 62 68 71 73 76 86 94 96 102 103 109 110 114 118 125 128 131 135 140 142 146 147 151 156 157 159 162 171 173 174 177 178 189 190 193 194 195 196 197 199
189 7 8 17 19 20 25 40 41 47 51 53 59 62 65 76 77 86 90 94 95 96 97 102 109 110 112 114 117 118 121 128 131 135 141 146 150 151 153 156 159 160 162 170 171 172 174 177 178 179 190 192 195 196 197 199
191 4 6 7 8 9 13 14 17 22 25 30 36 40 41 42 46 47 48 53 62 68 73 75 76 77 89 90 91 95 97 98 102 103 110 112 114 117 118 121 125 131 135 138 146 147 151 153 156 157 159 170 171 172 173 174 177 178 179 186 187 192 193 194 197 198
192 6 7 8 14 19 22 25 26 30 36 40 41 42 48 51 53 59 62 65 68 76 77 90 94 95 98 102 103 110 112 114 118 125 128 131 138 140 141 146 147 150 151 153 156 157 159 162 171 172 174 177 178 179 187 190 193 194 196 198 199
193 4 6 9 13 14 19 20 22 30 40 46 47 51 53 59 62 65 68 73 76 77 86 91 95 96 97 98 109 110 112 114 118 131 134 138 141 142 146 147 150 151 153 156 157 159 173 174 177 178 179 190 195 196 197 198 199
195 6 7 8 9 13 14 19 20 22 25 26 30 36 40 41 46 51 53 65 75 77 86 89 90 91 94 95 96 97 102 103 110 112 117 118 121 125 128 131 138 140 141 142 146 150 156 172 173 174 178 179 187 190 194 199
196 4 6 8 14 17 19 30 36 40 41 42 53 59 62 68 71 73 75 77 86 89 95 96 97 102 112 121 125 131 134 135 138 141 146 150 153 156 157 159 172 174 178 187 190 194 197 198 199
197 4 7 9 17 19 20 22 25 26 30 36 40 42 47 48 51 59 62 65 68 71 75 77 86 90 91 94 97 103 110 118 128 131 134 135 138 140 147 153 156 159 160 162 170 171 173 177 178 179 190 198 199
198 6 7 8 9 19 20 30 36 40 41 42 46 48 53 59 65 68 71 73 77 86 91 96 98 103 109 110 112 125 134 142 146 150 153 156 157 159 160 173 174 177 178 179 186 187 190 194 199
199 6 7 8 9 13 17 19 20 25 26 30 36 40 42 46 47 48 51 53 59 62 68 71 76 89 90 94 97 98 102 103 109 121 131 134 135 141 142 153 159 160 170 174 177 178 179 186 190
6 4 7 8 9 13 14 19 22 25 26 47 48 51 53 59 62 65 68 71 75 76 77 86 89 90 91 95 97 98 102 103 112 114 121 125 128 131 142 147 150 151 156 159 160 162 170 172 173 174 178 186 187 190
8 4 13 14 19 20 22 25 26 30 40 41 42 46 47 48 51 59 62 68 73 76 77 89 90 91 94 95 96 98 102 112 114 118 121 125 128 134 135 138 140 141 147 150 151 153 156 159 160 170 172 173 177 178 179 190 194
9 4 13 14 17 22 25 26 48 51 53 59 68 73 75 76 89 91 94 97 109 110 112 118 125 128 131 134 135 140 141 146 147 150 153 157 159 160 170 172 173 174 178 179 186 187 190 194
14 7 13 17 19 20 26 30 40 42 47 48 51 59 65 68 71 76 90 91 94 96 97 110 112 118 121 125 128 131 135 141 142 151 153 156 157 171 173 177 179 186 194
17 13 19 22 26 30 36 41 46 48 51 53 62 68 73 75 76 89 91 94 95 102 103 109 112 117 121 125 134 135 138 141 146 147 150 151 157 159 162 170 171 177 178 186 187 194
19 4 7 20 22 25 41 42 46 47 48 53 62 65 68 71 75 76 86 94 96 98 102 109 110 112 114 118 121 125 128 131 138 140 141 142 146 147 153 156 162 172 173 177 179 186 190 194
22 7 13 25 30 41 46 62 65 68 71 76 77 86 89 91 94 96 109 112 114 128 131 134 141 146 147 153 156 157 159 160 162 170 171 172 173 174 179 186 194
25 13 26 30 36 40 41 46 48 53 59 62 65 68 71 73 77 86 89 90 91 94 96 102 103 109 110 112 114 125 128 135 140 141 142 147 150 151 153 156 157 160 162 171 172 174 177 178 179 187 190
30 13 20 36 40 46 48 51 53 65 71 73 75 76 77 90 91 94 95 98 103 112 125 131 134 135 138 140 141 142 146 147 156 157 159 162 171 174 178 186 187 190 194
42 4 7 20 40 41 48 53 62 65 68 73 77 91 95 98 102 103 109 110 114 117 118 125 128 134 135 138 150 156 162 172 173 177 186 190
47 20 26 36 40 41 46 53 59 62 65 73 76 77 86 89 91 96 97 98 102 112 114 125 128 135 141 146 150 151 153 156 157 159 160 162 172 173 177 178 179 190 194
48 4 26 36 40 41 46 53 59 62 65 68 71 73 75 76 86 90 91 94 95 96 98 102 110 112 114 121 134 135 140 141 150 151 156 157 159 162 171 173 177 186 194
53 7 20 26 36 41 51 68 75 86 90 94 96 97 102 103 109 114 117 134 138 141 146 147 151 153 156 157 159 160 171 174 178 186 187 190 194
65 4 7 13 20 46 59 68 75 76 89 90 91 95 96 97 98 103 109 110 112 114 117 121 125 131 135 140 141 146 157 170 171 173 174 177 179 190 194
68 4 7 13 20 26 36 51 59 73 75 89 91 94 95 97 98 102 110 112 114 118 121 131 134 135 138 140 141 153 156 159 170 172 174 177 178 179 194
75 4 7 20 26 40 46 71 76 89 90 91 94 95 96 97 102 109 110 114 125 128 134 135 138 141 142 146 147 150 151 156 157 159 160 173 177 178 190
76 7 13 20 26 36 40 46 51 62 71 73 77 89 90 91 94 103 109 110 112 128 138 140 142 146 150 151 153 156 157 159 160 162 170 171 173 174 177 179 187 194
77 7 13 20 36 40 41 46 59 62 71 73 89 91 95 96 97 98 112 114 117 125 134 135 140 142 147 153 156 159 162 170 173 178 179 194
89 13 20 26 36 40 41 51 59 71 86 90 91 96 97 102 110 112 117 121 134 142 146 147 150 151 159 160 162 170 172 173 177 178 179 187 190 194
90 4 7 20 26 40 41 51 59 62 73 91 102 103 109 110 112 114 117 121 125 128 138 140 141 142 146 147 150 151 159 171 172 173 178 186 187 194
95 4 20 26 36 46 59 71 91 96 98 102 103 110 112 114 117 118 121 125 128 134 135 138 146 147 150 151 153 156 159 162 171 172 174 177 194
97 4 26 36 40 41 46 51 62 73 86 94 96 102 103 112 117 118 131 135 138 140 150 151 153 157 159 160 171 172 173 174 177 178 179 190
102 4 7 13 26 36 40 41 51 71 86 94 98 112 117 118 121 125 128 131 134 142 146 147 150 151 153 159 170 172 177 178 179 187 190 194
103 4 7 13 26 46 59 71 73 86 94 96 98 109 110 117 118 121 125 128 135 138 140 141 142 150 157 159 162 171 172 173 174 177 179 186 187 194
109 7 13 26 36 46 51 59 62 71 73 86 94 110 112 117 125 140 141 142 146 151 153 156 159 160 162 170 171 172 174 177 179 186 187 190 194
112 4 20 36 46 62 73 86 91 94 96 110 114 121 131 134 140 141 142 146 150 151 153 156 159 160 162 170 171 174 177 178 187 194
118 4 13 20 26 36 40 41 46 51 59 71 91 94 96 114 125 140 141 142 147 150 153 156 159 160 171 173 179 187 194
121 20 36 40 41 51 59 62 71 96 114 141 142 146 151 153 156 159 160 170 172 174 179 187 194
125 4 26 40 46 59 73 86 96 114 128 135 138 141 147 150 156 157 159 162 170 171 174 177 178 186 187 190 194
128 4 13 20 26 36 40 41 46 51 59 62 71 73 91 94 96 110 114 117 134 140 142 146 150 151 153 159 160 162 170 171 173 178 179 186 187 190 194
135 4 7 13 20 26 41 59 62 91 96 110 117 138 140 141 142 146 147 151 156 159 160 162 172 177 178 179 186 190 194
138 4 7 13 20 26 36 40 46 51 59 62 71 73 86 91 94 96 98 110 114 131 134 140 141 142 156 160 170 171 173 177 178 179 186 194
140 20 36 40 51 62 71 86 91 96 98 114 117 134 141 142 150 156 157 159 160 162 170 171 172 173 174 178 179 187 190 194
141 7 20 36 40 46 62 86 91 98 110 114 146 147 150 151 153 157 159 170 171 172 173 174 178 186 187 190
142 13 26 36 41 46 59 86 94 114 131 134 147 153 156 162 170 171 172 174 178 186 187 190 194
150 7 20 26 40 41 62 71 73 91 94 98 110 114 131 134 146 147 151 153 156 159 162 170 171 172 173 174 179 186 187 190 194
160 13 20 26 36 41 46 59 71 73 91 94 110 114 131 134 147 153 156 159 172 173 174 178 179 186 187 190 194
170 4 13 36 40 41 59 71 86 91 98 117 131 134 147 151 156 157 159 162 172 173 177 179 186 194
171 13 40 41 51 59 71 94 98 110 114 117 131 134 146 153 156 162 173 179 186 187 190 194
172 4 13 26 36 41 46 51 86 94 96 98 110 117 131 134 146 147 156 157 159 162 173 174 177 178 179 187
178 4 7 20 36 40 51 59 98 110 114 117 134 146 147 151 153 156 157 159 162 173 174 177 186 190
187 4 13 20 26 40 41 46 59 62 73 86 91 94 96 110 114 131 134 151 159 162 173 174 177 179 186
190 7 20 26 40 59 71 73 94 98 114 117 146 147 151 153 156 157 162 173 174 177 179 186
194 7 20 26 36 73 86 98 110 114 117 134 146 147 153 159 173 174
7 4 26 36 46 51 59 62 71 86 91 114 146 147 153 162 179
20 13 26 40 46 51 62 73 86 91 98 117 131 134 147 151 156 157 159 162 173 174 177 179 186
40 4 13 26 36 46 51 59 86 91 110 114 117 131 134 146 147 153 156 173 177 179 186
41 13 36 51 59 96 98 110 114 134 146 147 151 153 162 173 179
51 4 13 36 59 62 71 73 86 91 94 96 98 110 131 147 151 153 157 162 174 179 186
62 4 26 36 46 59 71 91 94 98 110 114 131 146 151 153 156 157 159 173 174 177 186
71 4 13 36 73 86 91 94 114 117 131 151 153 157 162 173 174 177 179
73 4 36 46 59 91 94 98 131 146 147 151 153 156 159 162 174 177 179
91 4 13 46 94 96 98 114 117 131 134 156 157 159 173 174 177 179 186
110 4 13 46 59 94 96 98 117 131 134 146 147 151 157 159 162 177 179
114 4 13 26 36 46 59 86 94 117 131 134 146 151 153 156 157 159 174 177 186
131 26 46 86 94 117 134 146 157 159 173 177 179
146 13 46 59 86 96 117 134 147 151 156 162 173 174 179 186
147 4 26 36 59 86 94 98 134 151 156 159 173 177 179
151 26 36 59 86 96 153 159 162 174 177 186
159 4 13 26 36 46 117 134 153 157 162 173 174 177 179
177 26 96 117 156 157 162 179 186
186 13 26 36 46 59 86 94 96 134 153 156 162 173
4 13 59 86 117 162 173 174 179
13 26 94 117 153 156 157 162 174 179
26 36 46 59 98 134 157 162 173 174
36 59 86 94 96 98 117 156 162 174 179
46 59 86 98 134 153 156 157 162 173 174
59 86 94 96 117 134 153 162 174
94 117 134 153 156 162 174
98 86 96 134 156 157 162 174
134 96 153 173 174
153 86 96 117 162 173 174 179
157 86 96 117 162 173
179 86 96 156 162 173 174
86 156 173 174
117 96 162 173
162 156 174
173 156 174
174 96
156 96
96
