#C:\Users\sakroger\Desktop\k-core\git_code\code\formater.py
# GMT Sun Jan 17 05:23:01 2021
# 
0 206 185 227 217 226 229 228
206 88 185 204 205 216 226 227 229 228 407
185 1 2 4 12 23 24 25 26 27 28 30 31 33 39 40 41 42 44 45 46 47 49 50 51 56 60 63 65 66 68 69 70 71 74 75 78 79 80 81 82 83 84 87 88 90 91 93 94 96 97 99 110 111 112 114 115 116 117 124 126 127 128 129 131 134 135 136 139 140 143 144 145 146 147 148 152 154 156 158 159 160 161 165 172 173 175 178 181 182 183 184 288 286 291 226 227 412 287 289 290 285 190 230 204 229 228 268 219 407 435 434 295 364 283 282 292 294 214 297 408 316 278 388 296 305 299 386 298 430 293 187 418 194 216 449 232 304 399 196 197 415 220 375 307 284 374 372 428 322 411 309 313 255 312 314 437 310 202 426 441 318 448 201 438 317 450 337 340 323 334 338 341 330 329 335 425 416 242 238 207 260 447 346 345 344 383 382 186 370 410 210 209 200 451 261 301 245 385 381 392 403 215 272 259 193 218 254 251 252 250 253 258 391 439 442 417 380 419 271 225 362 445 311 446 358 189 203 212 237 368 333 409 395 306 246
227 5 6 23 24 25 26 27 28 29 38 40 41 43 45 46 47 48 49 63 64 67 76 85 86 88 98 99 101 102 103 104 105 106 107 108 115 116 120 152 154 156 187 190 198 204 207 210 214 217 226 412 296 230 435 434 408 388 420 281 292 294 356 242 238 380 381 407 284 373 405 245 421
217 226 229 228 231
226 5 6 23 24 25 26 27 28 29 38 40 41 43 45 46 47 48 49 63 64 67 76 85 86 88 98 99 101 102 103 104 105 106 107 108 115 116 120 152 154 156 187 190 198 204 207 210 214 412 296 230 435 434 408 388 420 281 292 294 356 242 238 380 381 407 284 373 405 245 421
229 26 27 35 38 43 44 67 79 80 81 82 83 84 88 95 97 108 121 127 128 129 138 139 140 141 142 152 159 163 167 171 176 177 179 180 182 187 198 204 205 210 228 230 435 434 292 294 407 232 431 284 373 388 444 448
228 26 27 35 38 43 44 67 79 80 81 82 83 84 88 95 97 108 121 127 128 129 138 139 140 141 142 152 159 163 167 171 176 177 179 180 182 187 198 204 205 210 230 435 434 292 294 407 232 431 284 373 388 444 448
1 2 407
2 407 6 242 237
407 5 9 10 13 32 57 58 59 61 62 65 66 69 73 91 93 94 96 107 109 121 124 125 127 132 135 142 143 144 145 146 152 153 154 156 175 183 184 187 197 198 199 201 204 205 207 215 216 219 220 230 244 247 260 265 268 272 282 283 294 297 298 299 301 305 309 310 315 339 341 344 345 348 359 363 367 369 370 375 380 382 383 385 386 389 398 436 434 440 415 450 448 416 427 421 425 417 426 408 443 444
6 5 242 237 98 146 67 144
242 3 5 162 237 238 240 244 425 377 378
237 144 146 162 239 256 248 244 425 377 378 368 333 409 442 411 428 243
3 146 403 144 5 240
146 13 32 35 36 52 53 57 58 59 61 62 67 69 72 91 92 107 109 121 124 125 127 132 134 135 142 144 145 154 412 413 425 294 297 152 389 299 204 348 440 347 183 175 418 197 207 196 210 415 148 153 322 324 151 230 310 199 195 317 319 321 320 323 341 334 325 327 326 328 332 443 331 333 335 431 166 363 403 158 157 416 426 161 163 372 284 201 375 370 205 182 367 369 184 305 421 398 245 215 272 257 258 423 424 247 408 429 174 172 430 437 302 234 236 235 244 243 450
403 144 161 392
144 13 32 35 36 52 53 57 58 59 61 62 67 69 92 107 109 121 124 127 135 142 152 389 299 145 204 348 440 183 175 197 210 415 148 153 322 324 151 230 310 317 319 321 320 323 341 334 325 327 326 328 332 443 331 333 335 431 363 158 157 416 426 161 163 404 372 284 207 201 375 370 205 182 154 367 369 184 305 421 398 257 258 423 424 247 408 429 174 430 166 302 234 236 235 244 243 450
5 60 219 221 168 166 169 156 158 244 425 240 157 373 107 349 359 427
240
4 147
147
60 56 152 219 221
219 95 98 126 127 152 154 192 200 201 209 268 375 221 426 297 266 413 230 438
221 203 232 425
168 156 158 166 169
166 134 145 169 167 430
169 156 158 167
156 120 143 416 158
158 145 157 163 160 230
244 153 162 204 207 230 425
425 52 54 72 100 118 123 130 134 135 145 149 150 153 154 162 172 174 175 182 195 196 197 199 203 204 207 215 232 245 249 272 277 280 284 294 297 298 302 303 334 335 345 346 348 350 357 365 382 389 405 406 412 413 419 437
157 145 373 349
373 172 173 284
107 67 359 427
349
359 427
427
98 426 192
67 108 90
7 22 352 351 14
22 21 353 351 352
352 14 351 355
351 14 17 18 19 20 21 148 153 354 355 353
14 355
8 11 181 175 15
11 181 248 175
181 15 16 17 175 178 248
175 15 16 17 145 154 436 183 434 248 294 297 182 187 197 301 419
15 16
9 386 385 298 299 450 448
386 230 299 385 430
385 430
298 10 134 145 299 430
299 10 145 209 230 271 430
450 230 243 317 448
448 73 129 230 318 341
10 383 382
383 382 430
382 73 134 182 339 430
248 239 256
12 88 192 204 111 152 230
88 30 85 204 211 207 230 108 268 113 435 115 170 394 152 276 388 216 197 408 192 281 222 164 267 89 213 391 223
192 204 381 375 426 211 390 223 391
204 13 30 61 62 69 89 108 113 115 124 127 134 135 136 142 145 152 153 170 182 183 196 197 201 203 211 207 230 268 435 348 440 216 408 315 303 426 281 222 363 310 396 262 205 346 245 213 391 223 212
111 129 152 230
152 29 32 37 38 48 55 56 57 58 84 86 87 89 95 100 110 113 139 426 232 281 384 394 276 388 389 420 305 230 310 167 207 406 243 172 369 173 285 390 269 216 264 414 270 413 154 189 391 275 421
230 87 110 126 127 145 153 160 182 187 189 196 197 200 201 202 207 208 210 220 293 294 315 303 426 310 441 318 438 317 337 340 323 334 338 341 364 396 262 274 343 451
13 201 375 370
201 87 200 438 441 426 266 294
375 126 127 135 186 191 220 225 232 247 292 362 370 381 426
370 33 165 186 410
355
16 17
17 353 18
353 18 19 20 21
18 19
19 20
20 21
21
23 286 101
286 172 173 336
101 154 297 401
24 288 102
288 172 173 279
102 154 297 308
25 291 104
291 172 173 401
104 154 279 297
26 38 391
38 426
391 31 74 154 223 275 297 426 394
27 43 30
43 37
30 211
28 29 75
29 89
75 31
89 86 213
211 426 390
31 297 154
297 44 74 76 103 105 106 145 154 183 214 266 270 279 294 296 393 400 336 401 308 408 316 381 421 342
154 41 42 44 48 74 76 77 95 103 105 106 145 393 279 412 413 296 400 336 401 308 294 276 342 436 183 434 408 316 381 214 367 369 269 421 270 266 433 263 275 387
32 36 389
36 35
389 350 365 366 402
33 371 165
371 397
165 360 361 426
34 398 436
398 305 421
436 183 276 342 434
35 44
44 296
37 87 426
87 426 210 200 220
426 118 170 188 202 207 223 270 303 305 315 360 361 381 390 394 408 416 441 438
39 117 172 173 116
117 172 173
172 77 78 171 413 173 289 400 290 393 287 336 401 279 308 285 434 364 284 369 174 433 387 395
173 77 78 171 413 289 400 290 393 287 336 401 279 308 285 434 364 284 369 433 387 395
116 115
40 78 76
78 77
76 421
41 42 48
42 395
48 421
395 387
296 190
45 287 103
287 393
103 336
46 106 290
106 393
290 400
47 289 105
289 413
105 400
421 305
49 260 405
260 197 310
405 134 406
50 446 358 71
446 358
358 71
71
51 445 68 311 70
445 68 311
68 311 70
311 70 372
70 372
52 53 153 149
53
153 54 148 149 150 354 284 207
149 54 93 284 151
54
55 216 273 122 432
216 194 199 449 310
273 122 224 432
122 432 224
432 224
56 249
249 134 303
57 58 197 59
58 69
197 59 121 145 183 187 195 196 408 207 199 310 364 301
59 123 364
69 124 207
123 61 130 134 364 127 131
364 114 145 194 195 214 295 301 434
61 62 127 131 247 124
62 363
127 124 126 142 440 274 343 131 247 133 209 215
131 187
247 124 135
124 207
363
63 64 412
64
412 145 413
65 66 163
66
163 145 159 161 404
108 268
90 416
207 134 135 145 182 196 315 303 310 245
372 284 374
72 280 348 347 145
280 348
348 142
347 145 344 379
145 91 125 132 134 413 294 183 187 418 196 199 195 404 301 245 182
73 339 443 444 341
339
443 235 331 444
444 128
341 334 338
74 99
99 86
77 269 342
269 390 394 342
342 270 275 276 387
79 80 232 272 155 271
80 232 82 272 271
232 81 82 83 84 119 184 186 203 225 384 281 304 399 424 422 380 381 362 233
272 81 82 83 155 215 271
155 271
271 81 82 83 209
82 83
81 84 83
84 100
83
100 118 277
85 164 267 120
164 267
267
120
86
210 198 415
200 209
220 415 292
268
113 435
435 434
115 170
170 381
394 270 275 276 390
276
388 278 381 434
408 214 305 316
281 222 384 420
222
213
223
416 109 143 265
91
92 442 300 411 439 302
442 300 333 411 438 439
300 411 439
411 148 322 333 428 439 438
439 438
302 437
93 94 284 151
94
284 150 151 307 374
151 148 317
95 413 171
413 263 433
171 433
96 97 143
97 431
143
431 109
118 277 315
277
401
308 285
336
279
400
393
109 265
265 315
110 189 128
189
128
129
112 451 261
451 208
261
114 119 295
119 384
295
315 303 420
384
121 198
198
224
130 134
134 303 406 135 182
125 132
132
126 334 142 331 274 343
334 142 323 331 333 335
142 331
331 328
274 343
343
440
133 209 215
209 215
215
187 182 183 301 245
303
406 243
135
182 309 245
136 183 140 447
183 434 294 309 346 301
140 138 447
447
137 231
231
138 141
141
139 159 167
159
167
415
148 428 322 354
322 428 324 323
324
310 199
317
319 321 320
321
320
323
325 327 326
327
326
328 332
332
333 335 368 409 428
335
161 392
404
205
367 369
369 285
184 305 233 186 452
305
257 258
258 160 294
423 424
424 186 422
429 174
174
430
234 236 235
236
235
243 239 354 256
294 160 266 292 293 438
418
196
199 195
195 194
301
245 306 246
437 313 314
428
354 239 256
150
420
285 190
390
264 414
414
270
275 387
434 381
316 278
381 186 214 380
214
266 438
433 263
263
387
160
392
162
360 188 361
361 188
419
176 329 179
329 330
179
177 180 178
180
178
309
346 345
233 186
186 422 410 380 225 362
452
190
283 282
282
292 191 356
278
293
194 449
449
304 399
399
307 374
374
313 255 312 314
255 312
312
314
202 441
441 438
318
438
337 340
340
338
330
238 241
345 344
344 379
410
259 193 218
193 218
218
254 250 251 252 253
251 252
252
250 253
253
417 380
380
225 362
362
203 212
212
368 409
409
306 246
246
422
188
191
396 262
262
208
356
239 256
256
377 378
378 376
241
379
350 365
365
357
366 402
402
397
376
