#C:\Users\sakroger\Desktop\k-core\git_code\code\formater.py
# GMT Sun Jan 17 05:23:27 2021
# 
0 242 317 315 305 303 302 301 299 64
242 4 20 64 255 978 975 964 962 961 317
317 4 19 313 315 316 318
315 304 305 313 314
305 303 304 306
303 74 292 294 302 306
302 74 75 295 296 301
301 5 296 299
299 5 64 65
64 65 300 298 260
1 897 896 895 651 650 649
897 94 640 641 643 644 649 896
896 94 895 898
895 651 894 903 898 899 900
651 650 894 893 653
650 649 653
649 224 644 648 653
2 15 955 954 953 947 948
15 239 240 955 948 956 322
955 20 240 241 954 963 958 959
954 241 952 953 966
953 947 949 952
947 21 323 944 946 956 948 949
948 956
3 27 429 428 427 431 430
27 430 272 69 273 429
429 273 420 428
428 420 427
427 420 421 423 426 431
431 425 426 430 433 432
430 109 272 432
4 19 961 960 238
19 238 320 321 318
961 20 960
960 20 238 959
238 959 320
5 296 67 297 65
296 67 293 295
67 293 290 281 280 297
297 65 263 279 280
65 263 261 298 300
6 25 390 399 397
25 397 100 391 390
390 22 387 388 389 399 391
399 388 397 398 622
397 100 396 398
7 387 628 626 625 389
387 22 24 639 628 389
628 626 629 630 639 638
626 155 156 625 627 630
625 156 389
389 156 388
8 114 471 470 115 473 474 472 489
114 489 455 456 471
471 456 457 461 464 470
470 115 464 466 469
115 466 468 117 474 473
473 474
474 117 120 472 475 480
472 489 480 481 482
489 113 455 482
9 531 556 558 137 133 561
531 134 521 530 561 534 556
556 134 533 543 558
558 33 137 543 553 554
137 32 33 133 559 138 139
133 139 561
561 130 139 529 530
10 201 797 44 51 738
201 200 797 738 800 796
797 44 51 196 197 200 202 739
44 51
51 739 199 185 738
738 185 736 737 744 800
11 172 731 746 734 732
172 732 694 693 730 731
731 730 735 746
746 166 182 183 734 735 736
734 183 732 733
732 694 733
12 665 676 664 646 647 660 666 163
665 163 667 673 674 676
676 162 169 664 674 677
664 162 646 679 680
646 645 680 681 683 648 663 647
647 661 660 663
660 221 658 659 661 666
666 163 658 668
163 668 669 667
13 657 812 813 803 658 221
657 221 656 882 815 816 812
812 816 817 813
813 42 165 802 803 811 817
803 164 658 668 669 802
658 221 668
221 659 656
14 831 820 833 838 841 834
831 208 210 219 820 821 834 835
820 835 833
833 217 837 838 835 836
838 837 855 839 840 841
841 209 834 840 842 843
834 209 210 830 832
239 322 957 240
240 957 958
956 322 323 324
322 320 324 327 957
16 334 367 364 337 338
334 336 367 338
367 336 364 366 912
364 337 362 365 366
337 82 362 338
338 82 83 331 336 339
17 80 329 79 330 312 311
80 324 326 329 311 316 327
329 78 79 326 332 331
79 78 328 330
330 312 328 344
312 310 311 344 345
311 310 313 316 314
18 309 291 293 75 294 73
309 73 291 308 310 345 343 346
291 71 76 290 346 349 293
293 75 290 295
75 74 294 295
294 73 74 292
73 292 308
320 319 958 957 327 321 959
321 316 318 319
318 316
20 962 963 959
962 241 964 966 963
963 241
959 958
21 949 236 943 944
949 236 952 950
236 234 237 941 943 950
943 227 941 944
944 81 227 910 946
22 391 392 378 24
391 99 100 392
392 98 99 358 378 393
378 24 98 376
24 376 386 639
23 90 365 92 371 373 91 374 375
90 361 362 365 375 360
365 92 362 366
92 93 369 371 366 368
371 369 909 381 372 373
373 91 372
91 372 374
374 97 98 372 375 379
375 98 360 393
376 96 97 98 386
386 39 95 96 377 385 639
639 384 385 638
100 88 99 396 394 102 357
26 441 440 435 434 433 424
441 108 110 111 406 424 440
440 111 435 439
435 434 439 438 436 437
434 109 432 433 437
433 424 425 432
424 108 423 425
272 68 69 109 256
69 68 266 265 269 271 274 273
273 107 274 275 276 420
28 150 604 549 548 547 151
150 151 546 608 606 604
604 148 149 549 606 605
549 149 548 586 587
548 146 547 587 588 551
547 151 544 551 552
151 118 545 546 544
29 622 623 624 619 620 621
622 116 388 398 401 467 621 623
623 388 624
624 155 156 388 619
619 155 618 620
620 152 607 610 612 618 621
621 467 610 611
30 609 545 541 479 478
609 153 477 478 545 546
545 118 541 542 555 554 546
541 121 479 540 542
479 123 476 478 540 480
478 120 476 477
31 583 566 551 146
583 145 146 566 580 582
566 145 551 563 564 584 570 567
551 146 567 552
146 588 585 582
32 139 138 140 560
139 130 560
138 136 571 562 140 559
140 562 141 560
560 130 131 141 513 515 516 524 527 573
33 550 557 565 563 559 553
550 118 544 557 553
557 544 552 567 565
565 563 564 567
563 136 559 564 570 569
559 136
553 118 554
34 572 576 575 573 571
572 144 568 571 577 576
576 143 574 575 577
575 177 188 573 574 718
573 141 142 188 513 571
571 136 142 144 562 569
35 581 145 580 698 699
581 145 175 578 579 584 699
145 584 580
580 37 147 582 591 698
698 36 37 688 697 699
699 175 697
36 697 688 694
697 174 175 694 695
688 37 689 692 694
694 692 693 696 695 733 725 727
37 147 689
147 591 689
689 591 687 691 690 692
38 631 636 682 635 634
631 629 634 633 636
636 225 629 638 637 682
682 158 225 635 680 683 684
635 158 597 634
634 597 614 615 633
39 384 385 95 383 382
384 159 382 642 637 638 385
385
95 94 377 380 383
383 94 382 640
382 159 640
40 835 219 218 819 818 876 868 217 836
835 219 836
219 50 203 206 218 821
218 50 822 819
819 811 816 817 818 822
818 814 816 876
876 814 868 874 878 877
868 216 217 874 870 869 871
217 216 837 836
836
41 655 881 656 659 652 654
655 653 654 893 890 891 881
881 656 880 891 882
656 882 659
659 652 653 661 662
652 653 654
654 653
42 811 808 810 804 165
811 808 817 822 823
808 823 825 809 810
810 798 804 805 809
804 165 798 799
165 799 802
43 167 674 673 672
167 672 730 693 168 674
674 168 169 673 675
673 667 671 672
672 45 671 801 730
45 730 801 737 735
730 693 735
801 670 671 737 800
737 735 736 800
735 736
46 774 772 773 771 194
774 47 49 194 195 772 776
772 49 770 783 773
773 770 771
771 194 769 770
194 47 761 760 769
47 760 777 759 195
760 191 193 754 757 758 777 761
777 758 759
759 48 186 195 758
195 186 776
48 758 757 750 186
758 757
757 187 750 752 754 755 756
750 178 179 186 745 748 752 751
186 185 742 776 745 743
49 775 781 783 776
775 741 742 780 781 776
781 780 782 783
783 770 782 784 830
776 742
50 203 822
203 206 205 823 822
822 823
739 197 198 199 778
199 184 185 198 740
185 184 741 742 743 744
52 1006 1008 1007 213 849 53
1006 53 61 215 850 851 1001 1005 1008
1008 61 1007 1009
1007 213 1010 1011 1009
213 211 1011 1013 845 849
849 53 54 211
53 54 848 851
54 211 846 847 848
848 212 847 853 851
851 212 215 852
211 845 846
846 842 843 844 845 847
847 844 853
55 214 871 872 212 853 854
214 854 855 216 871
871 216 869 872
872 212 857 858 869 873
212 873 856 852 853
853 844 854
854 839 842 844 855
56 57 921 223 885
57 222 887 888 921 885
921 223 888 904 920
223 220 920 229 924 885
885 222 884 924
222 880 889 887 884 883
887 886 889 892 903 888
888 886 904
58 977 971 244 246 979
977 933 971 979 985 987
971 232 244 933 970 973
244 243 973 974 246
246 974 978 979
979 245 976 978 980 985 981
59 231 994 995 999 996 60
231 60 860 859 870 867 864 994
994 864 993 995
995 249 990 993 999
999 988 990 996 997 998
996 60 997 1002 1003
60 1003 1004 861 860
1003 1001 1002 1004
1004 861 1001 1005
861 215 850 860 1005
860 215 856 858 859 873
61 1009 1001 1002 1000
1009 63 252 1000 1010
1001 1002 1005
1002 997 1000 1015
1000 252 1015 1016 1018
62 1022 1023 1012 254 1021
1022 255 1019 1020 1021 1023
1023 250 255 1012 1013 1014
1012 250 252 254 1018
254 253 1018 1020 1021
1021 1020
63 252 1014 1013 251 1010
252 250 1018 1014
1014 250 1013
1013 251 255 830 845 1011
251 1011 1010
1010 1011
300 298
298 260 261
260 66 259 261
263 261 262 279 270
261 66 262 264
66 264 265 267 258 259
264 262 270 269 265
265 269 266 267
267 258 266
258 257 266 259
259 256 257
290 71 281 282
281 72 280 283 282
280 278 279 283
68 256 257 266
256 109 257 492
257 266
266
269 268 270 271
271 268 279 277 274
274 277 275
70 72 285 355 415 105 106 283
72 283 282 289 288 285
285 288 286 352 355
355 102 103 352 353 413 414 415
415 105 106 412 414 416
105 106
106 416 417 276 284 283
283 278 284
71 287 288 289 282 349 87
287 86 87 104 352 288
288 286 289 352
289 282
282
349 76 77 87 347 348 350
87 86 350 351
292 306 307 308
308 307 310
74
295
76 346 343 77
346 343
343 77 340 345 344
77 340 347
340 78 341 348 347 344
347 348
78 344 328 331 339 341
344 328 345
328
331 332 335 336 339
339 83 341
341 83 84 348
324 323 325 326 327
326 325 332
316 313 319 327
327 319
81 910 912 335 945 946
910 227 913 912 942
912 335 336 366 368 911 913
335 332 333 336 945
945 333 946
946 323 325 333
82 362 85 342 83
362 85 89 361 363
85 363 86 351 342
342 83 84 351 350
83 84
84 350 348
350 348 351
348
363 86 89 354 356
86 354 104 351
351
354 103 104 353 356
104 352 353
88 99 357 359 358
99 358
357 89 102 356 359
359 89 358 393
358 393
89 361 360 393 356
361 360
360 393
393 98
356 102 103
372 379 381
93 368 911 370 369
369 370 909
366 368
368 911
911 370 913 914
370 914 909
94 640 380 381 898
640 159 641
380 377 379 381
381 379 909 898
898 909 899
377 96 97 379
96 97
97 98 379
98
379
396 101 394 395 398
394 102 395 410
102 410 413 103
101 395 398 400 408 411
395 411 410
398 401 400
400 401 408
408 116 401 402 403 407 411
411 407 410
410 406 407 409 413
413 409 414
103 353
353 352
352 286
416 412 419 417 422 421
417 276 418 419
276 107 275 284 418
284 275 277 278
107 419 420 418
419 418 421 420
420 421
418
108 406 423 422 412
406 110 412 409 407
423 421 422 425 426
422 412 421
412 409 414
109 437 448 492 432
437 436 446 448
448 446 447 453 492 449 450
492 112 453 488 490 491 506 509 513
432
110 407 405 111
407 403 405
405 111 403 404 459 444 443
111 443 445 439
443 445 444 446
445 438 439 446
439 438
112 113 490 453
113 455 482 490 453 454
490 482 488
453 450 452 454
455 454 456
482 481 486 487 488 483
454 451 452 456
456 451 458 457
466 469 467 468
468 117 467 611
117 611 610 477 120
116 402 401 467
402 403 467 469 465
401
467 469 611
611 610
610 152 477
477 120 152 153
120 476 475
118 544 554 555
544 552
554 542 543 555
555
119 535 532 534 521 135
535 135 532 536 538 542
532 134 542 543 533 534
534 134 521
521 135 530 522
135 127 520 536 522
476 475 480
475 480
121 122 540 542 538
122 500 501 539 540 538 536 499
540 123 539
542 538 543
538 536
500 497 498 499 501
501 484 495 498 539
539 123 484
536 499 503 520 537
499 497 503
123 484 483 481 480
484 483 495 485 486
483 481 486
481 480
480
124 125 503 537 502
125 502 126 507 505 497 503
503 497 537
537 502 520
502 126 520 519 510
126 510 508 129 507
507 129 505 506
505 497 504 506
497 504 498
510 508 509 519 518 517 511
508 129 509
129 509 506
127 522 523 128 519 520
522 131 132 523 530
523 128 132 524 525
128 525 516 518 519
519 518 520
520
525 516 524
516 514 515 524 518
518 514 517
509 506 511 512 513
506 491 496 504
130 527 528 526 529
527 131 530 528
528 526 530 529
526 529
529 530
131 530 524 132
530
524 132
132
134 533
533 543
136 569
569 144 570
562 141 142
141 142
142
143 578 579 574 577 568
578 568 579 584
579 175 177 574
574 177
577 568
568 144 584
144 570 584
570 584
584
588 585 586 587 589
585 582 589 590
582 590 591
591 590 687 593
148 606 613 157 599 605
606 154 608 607 612 613
613 157 612 614 615
157 615 599
599 596 615 600 605
605 149 600 601 603
149 603 586
603 586 589 601
586 589 587
546 153 608
608 152 153 154
152 607 154 153
607 154 612
154
153
155 156 627 616 612 618
156 388
627 616 617 630 633 632
616 612 614 617
612 618 614
618
388
615 596 597 614
158 595 596 597 684 160
595 160 592 594 598 596
596 598 600 597
597
684 160 161 162 679 680 685
160 161 686 687 594
159 641 642
641 643 642
642 637 643
161 685 686
686 171 678 685 687
687 171 593 594 691
594 592 593
685 162 677 678
162 679 677
679 680
677 169 170 678
668 669
669 164 667 671
667 671
164 670 671 802 799
670 799 796 800 671
671
802 799
799 796 798
166 736 744 745 747 182
736 744
744 743 745
745 743 748 747
747 182 724 748
182 183 724
693 168 692
168 692 691 675
692 690 691
691 170 171 675 690
675 169 170
169 170
170 171 678
171 678
678
173 713 715 716 714 712
713 712 726 715 729
715 723 716 726 722
716 714 717 723
714 706 707 709 712 717
712 709 710 711 728 729
174 709 701 175 695
709 695 701 707 710
701 175 700 707 702
175 702 703 177
695 696 710
702 700 704 703
703 177 704 705
177 708 718 705
176 700 706 708 705 704
700 707 706 704
706 717 708 707
708 705 717 719 718
705 704
704
718 188 719 753
178 180 748 179
180 179 181 724 748 722
748 724
179 751 749 722
751 720 749 752 753
749 720 721 722
722 181 721 723 726
181 726 725 724
724 183 725
726 725 729 727
725 183 727 733
183 733
733
184 780 741 740 198
780 198 741 779 782
741 742
740 198
198 778 779
742
743
187 754 762 190 756
754 191 762
762 190 191 193 761 763 764 765
190 765 755 756
756 755
188 513 753 189 755 766
513 512 515
753 189 719 720 752
189 752 755
755 752 766 765
766 192 764 765 767 770
752
765 764
191 193
193 761
192 763 768 767 764
763 761 764 768
768 761 767 769 770
767 770
764
761 769
769 770
196 202 792 793 795 794 778 197
202 200 798 806 807 792
792 785 807 793
793 785 795
795 779 784 785 786 794
794 778 779
778 197 779
197
779 784 782
200 798 796
798 796 805 806
796 800
800
806 204 805 807
807 204 785 790 791
206 205 821 829 827 791 790
205 790 824 825 823
823 825
204 805 809 824 790
805 809
809 825 824
824 790 825
790 791
825
821 208 829
829 207 208 826 827 828
827 789 791 828
791 785 787 789
207 826 788 828
826 208 210 788 830
788 784 786 787 828 830
828 787 789
208 210
210 830
209 843 832
843 832 842 845
832 830 845
830 770 784 845
845
873 856 858
856 215 852
852 215
1011
855 216 837 839
216 837
215 850
850 1005
837
220 229 922 924
229 920 919 918 923 922
922 865 866 867 870 874 924 923
924 874 875 878 884
880 879 883 882 891 889
889 891 890 892
884 878 879 883
883 879
920 226 904 919
224 645 644 648
645 225 643 644 683 648
644 643
648 653 662 663
225 637 643 683
637 638 643
643
683 680 681
226 919 904 905 942 228 915 940
919 917 918 940
904 886 902 906 905
905 906 908 907 942
942 227 228 907 913 941
228 941 237 915
915 237 940
940 237 917 937 938 939
227 941
941 237
237 234 936 937
918 916 917 923
923 865 916 926
230 862 991 930 249 992
862 863 865 927 991 992
991 927 928 930 939
930 249 928 929 931
249 931 989 990 993 992
992 863 993
859 857 858 870
870 857 867 869 874
867 864 866
864 863 866 993
232 951 972 967 973 970
951 235 934 969 972 970
972 967 969
967 965 969 968 973
973 243 964 965 975
970 932 933 934
233 934 932 234 950 235
934 235 932
932 234 929 931 933 935
234 935 936 950
950 235 952 968 969
235 969
935 928 929 936
936 928 937
969 968
937 928 939 938
957 958
958
241 966
966 952 964 965 968
255 245 1019 981 978
978 243 245 974 975 976
975 243 964
964 965
243 974
974
245 976 981
976
981 980 1019 1017
247 989 987 986 988
989 931 933 987 988 990
987 933 984 985 986
986 248 984 988
988 248 998 990
248 984 998
984 980 983 985 998
998 980 982 997
931 929 933
990
993 863
250
1018 253 1016 1020
253 1020
1020 1016 1019
1019 1016 1017
262 270
270 268 279
279 268 277 278
268
277 275 278
275
278
286
306 304 307
307 304 310
304 314 310
314 310 313
310 345
345
313
319
323 325
325 333 332
333 332
332
336
414 409
909 899 914
914 899 907 908 913
638 629
403 465 462 404
469 464 465
465 462 463 464
462 404 459 460 463
404 459
459 444 457 458 460 461
444 442 458 446
409
421
425 426
426
438 436 446
436 446
446 442 447
442 458 449 447
458 449 450 451 457
449 447 450
447
450 452 451
452 451
451
457 461
461 460 463 464
460 463
463 464
464
486 485 487
487 485 488
488 485 493 491
495 485 494 498 496
485 494 493
494 493 496
493 491 496
491 496
496 504 498
498 504
504
511 517 512
512 517 515
517 514 515
515 514
514
543
552 567
587
567 564
564
590 589 602 593
589 601 602
601 598 600 602
602 592 593 598
593 592
592 598
598 600
600
614 617 632 633
617 632
632 633
633 629 630
630 629
629
680 681
681
663 661 662
661 662
653 893 662
662
894 892 893 903
893 890 892
890 892 891
891
882 814 815 879
815 814 816
816 814 817
690
696 727 711 710
727 711 729 728
710 711
711 728
707
717 723 720 719
719 720
728 729
729
723 720 721
720 721
721
770
784 782 786
782
786 785 787
785 787
787 789
789
817
814 879 878
879 878
878 875 877
839 842 840
840 842
842 844
844
1005
857 858 869
858
869
863 866 865
865 926 927 866
927 925 926 939
866
926 916 925
874 875 877
875 877
877
886 903 902
903 892 900 901 902
902 901 906
892
899 900 908
900 901 908 906
908 906 907
901 906
906
907 913
913
916 925 917
925 917 939
917 939
939 928 938
928 929
929
933
938
952 968
968 965
965
985 980 983
980 983 1017 982
983
1017 982 1016
982 1016 1015 997
1016 1015
1015 997
997
