#C:\Users\sakroger\Desktop\k-core\git_code\code\formater.py
# GMT Sun Jan 17 05:23:27 2021
# 
0 1 2 3 4 5 6 7 8 9 10 11 12 13 14 15 16 17 18 19 20 21 22 23 24 25 26 27 28 29 30
1 17 31 12 15 9 23 32 33 21 34 2 8 19 35 6 5 7 36 10 3 37 18
2 38 20 39 12 6 7 33 27 22 40 41 42 8 10 3 17 18 43 15 44 45 5 19 26 21 46 47 48 49 11 50 51 52 53 54 55
3 56 57 58 59 45 60 61 62 63 64 65 66 10 67 68 69 70 21 71
4 5 72 73 12 74 75 76 77 78
5 6 27 12 33 79 80 15 17 81 26 82 7 83 84 85 86 21
6 87 88 21 18 89 15 90 91 92 93 27 12 94 95 96 97 98 99 9 75 14 8
7 100 21 101 27
8 21 102 12 103 40 23 20 104 15 105 106 9 29
9 107 108 33 109 110 111 15 112 23 69 113 114 115 29 116 117 118 119 120 121 122 123 124 125 126 127 128 129
10 130 72 44 131 132 133 134 21 135 19 18 17 136 137 26 24
11 138 139 140 141 83 142 143 144 145 146 147 148 149 150 151 152
12 153 154 155 23 156 27 21 157 15 17 158 13 68 44 105 75 152 159
13 14 160 161 162 163 122 32 23 164 165 33 166 123 167 109 168 169 170 171 172 173 79 135 111 174 175 106 176 177 178 15 179 180 181
14 75 182 183 184 185 186 123 32 187 188 189 167 33 190 92 22
15 191 107 23 192 122 193 194 33 195 196 197 198 29 126 199 76 104 200 201 202 203 204 205 206 207 208 209 32 210 211 212 213 214 215 55 216 217 218 219 128 220 221
16 114 23 33 222 223 224
17 24 38 25 225 22 37 226 20 26 18 21 227
18 228 229 37 230 19 26 69 136 231 185 119 81 232 233 234 235 236 237 238 239 40 85
19 232 227 80 49 240 40 241 105 242 42 243 21
20 244 245 39 24 45 40 53 246 247 46 248 249 250 222 251 252 22 49 253 104 254 209 213 205 54 156 255 106 90 238 256 257 258 58 259 38 102 103 260
21 26 37 31
22 261 262 239 263 37 264 265 226 53 181 133 134 24 42 245 44 266 267 38 142 268 269 270 271 45 43 41 272 79 195 254 273 274 275 49 276 277 278 96 279 202 229 280 281 282 283
23 107 284 108 285 181 33 175 286 287 262 288 114 289 166 69 290 118 291 123 57 29 167 32 115 292 293 173 294 109 119 120 295 296 111
24 25 226 38 286 264 297 298 299 300 61 301 125 59 302 237
25
26 94 237 303 234 69 185 231 229 37 304 85 274 305 306
27 33 232 181 307 308 279
28 309 310 311 312 313 146 314 315
29 316 317 318 319 320 321 322 323 48 324 325 177 33 195 326 327 217 199 210 193 200
30 328 44 329 258 250 103 330 201 156 331 332 333 53 334 335 244 336 337 338 339 240
31 340
32 33 119 168
33 307 107 341 342 181 54 69
34
35
36
37 343 344 50 269 236 230 232 345 346 274 347 240 253 348 349 350 351 329 352
38 353 45 226 51 104 249 312 41 244 239 245 42 354 355 356 313 331 357 106 40 44 264 49
39 358 53 54 335 267 353 292 359 45 360 55 361 362 363 48 46 41 364 354 104 156 57 202 365 366
40 353 352 86 367 244 261 259 357 133 269 53 368 249 369 370 209 193 49 371 134 245 331 102 50 372 61 47 45 373 105 93 374 237 375 376 333 246 377 378 354 46 190 234
41 302 379 380 104 381 371 270 382 383 384 385 386 355 387 388 49 389 390 313 391 103 244 332 392 331 43 393 377 394 395 396 336 354 397 353 44 133 334 156 398 399 337 400 83 401 402 403
42 268 45 404 281 229 239
43 340 405 406 407 331 408 409 385 410 411 134 51 382 412 413
44 414 398 72 332 415 354 416 417 250 418 226 419 420 49 421 53 190 422 361 423 348 424 132 258
45 58 398 71 61 57 425 353 63 56 372 70 413 68 80 65 426 281 427 428 67 350 240 429 245 430 51 431 47
46 432 336 103
47 295 331 433 366
48 53 75 184 268 343 240 91 302 327 205 434 54 292 435 104 115 389 436 127 360 78 200 273 316 320 326 437 438 212 201 439 324 321 440 55 441 362
49 258 367 51 227 80 240 353 442 443 190 244 323 366 337 270 313 403 332
50 444 445 104 55 446 353 352 53 447 448 367 277 365 449 337 256 450 339 268
51 451 452 227 240 80 350 268 181 127 453 332 132 364 339 253 454 455 145 456 361 366 457 156 334 247 134 315 458 401 286 459 412 460
52 71
53 186 123 86 182 353 188 267 453 345 75 328 330 184 461 377 462 332 463 315 464 190 465 466
54 467 359 104 258 316 468 323 200 55 127
55 469 334 250 391 331 470 359 363 326 471 288 206 201 195 472 211 212 389 292 200 127 193 436 104 132 473 209 76 213
56 61 57 474 64 475 476 477 478 479 58 281 68 425 71 480 63 65 372 481 482 483 484 419 485 230 486
57 71 58 63 65 68 487 61 425 281 372 191 285 350 392 488 66 489 490 254 438 491 492 205 493 123 106 494 111
58 63 65 70 68 281 61 425 71 429 495 496 497 255 498
59 484
60 469 63 243 499 67 131 500 484 501
61 502 62 63 503 372 340 504 370 139 184 144 266 149 202 71 70 65 475 66
62 426 505 506 507 149 70 508 475
63 484 64 67 89 505 281 509 68 71 482
64 482 67 484 281 509 429 89 476 474 510 511 512 475 480 513
65 315 514 367 68 70 281 425 71
66 429 515 484 285 281 237 489 490 516 517 518
67 469 499 484 509 429 89 281 519 510 68 372
68 443 505 520 521 522 523 524 425 71 525 526 431 508 89 527 361 465 348 218 528 499
69 529 232 107 238 443 329 81 530 116 279 168 354 181 491 531 494 169
70 507 232 426 428 133 532 510
71 533 425 534 535 536 368 506 284 537 499 538 510 539 281 338 454 352 395 540 372 541 267 350 139 422 509 355
72 419 375 542 132 543 466 269 446 527 259 544 545 88 377 412 421 546 547
73 232 133 253 548 465 503 549 286 550 551 193 205 195 127 504 552 185 100 553 554
74 555 556 353 557 151 558 467 559 266 147 560
75 182 186 184 552 83 561 188 395 266 146 116 104 315 268 562 563 564 565 189 566 567 466 149 465 461 232 185 568 123 340 569 79 118 570 571 572 351
76 419 146 573 322 195
77 332 182 112 180 175 161 196 160 574 119 120
78 575 127 132 135 321 200 335 104 399 576
79 183 577 268 578 579 580 581 115 84 400 399 576 104 175 582 126 273 583 193 360 119 160
80 227 133 584 451 240 585 154 586 332 453 459 553 587 307 259 93 242 404 203
81 233 305 232 179 268 236 93 404 181 380 274 175 112 300 519 588 459 276 200 587
82 589 387 238 142 242
83 353 140 142 331 145 590 149 139 572 152 151
84 397 591 592 211 127 218 593 197 594 214 192 290 327 221 204 400 129 326 517 595
85 428 596 597 377 232 94 453 93
86 182 133 566
87 91 598 203 218 599 517 600 192 593 197 258
88 453 463 92 601 602 603
89 426 484 281 509 429 604 605 606 506 607 395 425 603 608 609 284 602
90 610 255 232 611 268 612 368 613 614 443
91 615 616 617 200 283 618 156 619 573 258
92 620 453 601 188 602 621 622 623 624 464 625 626 190 627 117 628
93 629 98 265 630 375 631 230 350 456 136 605 632 232 567 236 130 597 596 240
94 453 631
95 375 611 99 633 609 456
96
97 634 597 635 626
98 134 601 188
99 597
100 264 195 270 636 581 403 131 467 637 127 553
101 338 369
102 638 245 613
103 153 332 134 500 403 127 200 217 639 326 104
104 332 544 334 182 330 419 577 413 235 467 377 226 273 438 399 389 209 445 640 199 213 203 195 205 127 641 642 643 595 644 645 197 646 283 128 202 258 115 647 212 290 204 217 648 649 650 502 250 320 201 360 200 471 216 436 215 306
105 537 587 424 651 652 451 653 654 655 267 414 656 457 657 133 136 357 658 338 659 660 661 662 663 390 466 664
106 665 666 251 181 127 199 205 262 195 667 216
107 119 295
108
109 116 531 568 118 668 181 123
110
111 332 270 178 669 164 279 670 162 119 167 354 113 169 180 166
112 133 671 175 180 123 161 167 531 119 162
113 668 568 116 178
114 453 672 223 667 224 286 254 673 366 674
115 469 675 676 343 677 268 467 592 126 127 273 647 445 304 389 204 678 438 193 214 212 434 641 205 209 213 306 200 288 679 680 203 197
116 134 184 123 568 118 166 681 132 160 531 119
117 682 516 440 628 204 683 468
118 123 168 668 568
119 232 331 684 568 531 165 177 167 164 181 668 173 175 168 169 160 171 162 178 180 562 296
120 177 162 168 562 165 173 164 171 167
121 428 544 685 330 328 542 251 686 687 289 354 688 286
122
123 182 175 554 689 568 690
124 691 136 428 328 366 286 181 254 692 693
125 683
126 646 273 593 694 695 207 445 218 648 647 198
127 302 136 428 230 242 205 320 193 324 292 323 679 216 438 181 434 273 195 304 206 288 200 696
128 640 199 642 316
129 467 671 697 193 326 400 204 698 436
130 134 610 133 296 699 700 584 329 154 535 701 459 702 233 613 480 136 703 676
131 243 312 469 546 500 637 616 330 258
132 474 564 133 281 233 212 445
133 584 134 154 226 337 480 704 705 690 585 350 662 367 376 239 447 139 417 313 706 371 606 707 444 486 708 253
134 195 393 523 605 709 386 710 310 339 597 585 567 430 711 503 396 544 466 712 713 456 147 366 479 692 183 154 714 226 331
135 611 564 301 715 575 716 717 312 532 212 681
136 710 661 451 237 242 268 181 584 137 553 238 375 453 587 412 320 213 361 229 442 519 419 232 458 331
137 229 239
138 146 145
139 146 147 141 149 145 298 266 353 503 142 299 348 718 151 331 328 648 395 719 572 720 504 144 148 721 313 311 312 332
140 353 722 718 141 145 151
141 142 353 151 722 648 590 403 146 147 149 145 723 442 312 503 354 331 577
142 722 146 238 145 724 725 632 503 331 412 726 395 590 380 727 728 729 589 410 298 409 275 730
143 558 731 386 732 733 363 555
144 370 415 330 734 145 735 266 240 572 184 236 353 149 371 151
145 370 572 146 353 149 331 184 736 147 504 148 361 315 238 427 228 151
146 151 313 182 149 737 238 572 506 738 353 719 395
147 205 572 363 718 377 151
148 266 720 736 370 572 184 504 149 151 691
149 151 353 572 240 539 182 242 403 577
150 240
151 738 266 370 734 558 299 556 242 736 572 739 740 184 722 741
152 395 742 743 411 744 745 746 355 589 747 590
153 217
154 376 236 676 361 444 345 414 585 343 417 584 374 377
155 268 686 701 661 267
156 334 740 245 331 332 748
157 749 750 660 751 390 752 394 753 182 754 648
158 755 433
159 756 757 758
160 189 182 184 583
161 583 175 195 326 196 400 698 296 197
162 632 350 759 488 321
163 270 172 166 167 321 164
164 238 171 173 166 562 165 167 296
165 181 491 167 360 177
166 236 531
167 236 562 321 690 531
168
169 489
170 500 583
171 296 562
172
173
174
175 389 583 180 219 196 195 760 181 197 326
176 583 181
177 243
178 279 668
179
180 343 548 313 196
181 230 233 240 236 276 761 531 295 562 286 762 291
182 566 186 763 699 624 383 358 188 392 380 714 340 723 725 366 190 550 764 565 601 603 765 189 184
183 184 268 571 188 190 578 205
184 370 558 299 741 415 572 328 353 363 388 735 766 568 330 577 266 189
185 579 602 548 710 767 428 638 637 413
186 465 566 765 395 588
187 768 659 454 587 769 653 466 770 561 771 662 577
188 453 190 772 463 622 601 621 577 773
189 566 565 572
190 453 463 315 621
191 697 774 775 247 502 445 205 287 223 322
192 362 327 360 591 221 214 593 400 195 774 517 599 600 598 211 445 218 203
193 704 195 209 292 262 648 324 438 360 389 316 203 399 776
194 693 777 254 674 488 670
195 268 332 236 677 598 219 778 273 200 389 196 203 779 262 316 472 288 471 211 326 206 690 776 438 213 780 445 360 209 363 694 217
196 203 326 781 219 389 288 779 211
197 774 511 221 204 214 628 326 206 400 583 646 440 211 593 203 694 205 782 779 697 218 641
198 783 784 288 686 724 285 362 785 214 220 779 215 648 217
199 218 640 644 595 645 641 786 642 270 646 544 469 332 691 787 616 283 258 204
200 257 334 232 649 201 205 360 437 290 273 292 217 324 473 335
201 257 334 250 398 347 585 213 320 473
202 290 502 370 415 572 331 262 788 205 322
203 232 271 334 377 389 216 789 292 204 360 250 210 209 437 208 273 206 593 790 215 262 212 290 217 445 502 213 327 471
204 400 445 216 211 218 207 593 647 791 221 210 335 782 389 215 206 288 290 209 697 273 214
205 694 213 262 209 321 214 221 445 438 326 399 212 360
206 212 389 472 211 363 628 215 697 326
207 467 791 218 211 445 273 647 342 595
208 403 214 595 217
209 403 671 675 424 232 273 438 445 321 360 399 213 697 641
210 577 211 218 400 288 697 791 679 780 214
211 792 221 400 559 218 214 212 697 440 793 327 791 215 471 794 326
212 365 676 285 792 471 436 283 363 795 796 306 473
213 687 691 242 428 292 360 437 262 502 649 273
214 591 288 218 215 362 220 779 641 785 221 400 697 217 517 593
215 779 598 218 288 389 438 220 641 785 217 695 797
216 544 774 242 500 220 292 793
217 798 577 362 779 598 273 628 334 531 438 639
218 400 724 697 694 471 591 649 791 799 221 594 695 691 800 288 789
219 389 801
220 554 598 785 362 779 288 646
221 591 741 802 803 593
222 548 677 494 804
223 494 805 354 673 674
224 805
225 527
226 806 531 323 409 577 517 377 367
227 807 398 240 403 339 270 313
228 453
229 297 442 774 808 238 612 239 232
230 239 242 253 809 345 333
231
232 237 443 281 691 242 253 810 305 811 238 812 304 813 533 814 632 659 589 438 815 377 584 710 239 606 234 254
233 816 375
234 540 661 304 567 414 451 457 455 817 256
235
236 818 339 315 704 304 584 630 632 819 701 268 706 623 443 820 463 821 531 502 354
237 708 563 452 822 427 823 512 459 486 446
238 589 503 242 433 305 811 824 812 329 590
239 442 825 775 443 439 404 247 305
240 339 483 465 242 366 455 414 315 826 451 474 268 587 584 391
241 827 417 577
242 395 430 828 829 302 825 331 590 830 632 372 587 451 503
243 377 831 469 500
244 353 334 245 249 247
245 361 398 584 249
246
247 330 774 378 391 442 832 808 833 511 554
248 305
249 366 686 251 428 701 283
250 332 419 257 330 436 334 834
251 320 710 305 432
252
253 676 809 584 333 337 345 258 268
254 332 835 366 836 837 488 838 693 276 354 286
255 268 613 571 611 715 498 658 768 839 840 841
256 457 353 315 659 842 567 843 368 422
257 347
258 671 665 332 419 471 292 304
259 417 717 844 845 754 457
260
261 376 367
262 438 287 502 445
263 846 847 446 848 563
264 306 271 849 283
265 597 375
266 850 556 709 851 572 555 299 502 718 340
267 424 315 367 658 656 368 766 451 364 353 357 662 394 361 852 414 567 339
268 710 701 853 854 613 700 587
269 584 814 350 855 619 856 828 398 377 815 631 857
270 858 859 860 391 332 749 403 433 355 354 371 313 397 835
271
272 500 861 688 354
273 469 593 445 694 436 389 592 326 862 438 381
274 414 863 450 377 278 457 352
275 755 858 387 864 412 590 392 457 298 865 332 413
276 693 322 866
277 846 823 867 553 563 868 869 870 847
278 871 567 414 653 597 416 371 450
279 371 391 531 670 693
280 338
281 484 509 429 425 426 443
282 494 354
283 728 590 685 724 433 541 392 542 428 328 419
284 539 484 505 499 507
285 288
286 872 564 345 873 294 874 366 875 876 877 878 488 838
287
288 583 400 779 780 785 326
289 670 354 692 879 836 693 837 494 667
290 445 591 335 321 724 546
291
292 413 782
293
294 494 874
295 307 880
296 881 698 440 583 876
297 428 589 442 882 883
298 755 725 430 541 397 729 331 392 395 589 551 884 885 409 787 433 570 886 887 388 883 728 724 315 428 385 408 332 503
299 572 391 544 370 687 413
300 481 848 846 330
301 810
302 379 340 467 381 888 383 384 386 889 890 321 891 892 392 893 894 382 380 385 895 438
303 896 328
304 307 675 329 728 392 519 306 437
305 310 686 897 898 899 748
306 900 437 434
307 760 338 657 377 455 843 816 357 533 457 424 540 880 550 451
308 412 478
309 901 310 902 311
310 311 328 313 898
311 903 904 905 554 906 859 907 328
312 794 314 403 396 711 908 909 456 910 349 710 377 764 717
313 457 901 911 526 522 465 557 437
314 794 456 610 347 395 711 467
315 367 338 353 912 348 826 414 494 531 913 514 377 561 408 357 706 661
316 598 779 321 320
317
318 914
319 696 322 325 516 320
320 915 691 428 362 696 323 321 441 322 324 434
321 567 441 916 399 445 437 914 389 324 438 335
322 696 639 325
323 371 665 324
324 327 362
325 917 628 680
326 591 577 583 389 628 400 594 779
327 362
328 332 580 672 419 414 432 330 542 334 354 541 383 331
329 374 880 377 584 918 710
330 332 419 338 563 335 432 422 542 774 383 826
331 411 430 392 590 406 503 382 729 385 395 723 388 919 433 542 904 380 894 892
332 335 531 542 544 419 371 657 573 860 920 433 389 557 869 640 334 921 336 363 469 563 380 512 383 465 742 456 409 488
333 922 353 367 809 611 923 607 456 375 924 633
334 542 419 649 531 925
335 907 619 468
336 926 382 432 408 355 467 777 502
337 353 602 637 586 660 428
338 927 553 339 353 760 928 929 343 564 930 544 931 367 483 575 932
339 933 353 657 934 361 364 845 760
340 383 935 888 895 890 891 735 384 392 936 415 356 572 907 379 889 570 937 363 577 381 883 412 511 388 370
341 880
342 445 399 697
343 676 488 567 659 540 938 563 465 414 548
344 349
345 417 398 550 367 374
346 589 939 940 941 355 942 742 943 745 944 945 747
347 444 610 584
348 946 522 361
349 947 710 948 365
350 631 726 704 367 686 828 553 869 843
351 659 587 949 466 561 454 768 655 950 653 951 952
352 537 567 500 953 577 391 840
353 355 414 367 929 398 572 858 766 370 504 364 719 357 954
354 356 355 955 665 956 957 500 391 467 401 488 494 693 692 366 415 531 690 958 837 667 670 873
355 590 542 406 724 388 589 944 723 743 398 585 945 959 746 960 744 467 391 409 904 469 749 551 413
356 888 382 415 890 895
357 451 368 920 377 749 514 768 706 961 424 547
358 520 710 764
359 471 360
360 795 399 435
361 465 962 522 431 543
362 785 440
363 471
364 766 953 368 961
365
366 687 686 671 766 467 469 674 963 494 964 531 837 488 965 692 878
367 368 961 391 863 659 371 952 414 928
368 953 451 578
369 394 871 608 416
370 415 502 735
371 537 377 466 729
372 703 428
373
374 390
375 453 611 416 607 966 633 967 609 733 968 396 969 420 629 402 970 605 456 871 428 377
376 971 584 444 428 881 972
377 752 453 660 390 584 647 412 587 973 389 974 712 388 466 749 661
378 832 808 658
379 384 783 380 381 975 386
380 392 503 383 386 382 381 384 889 590 729 385 783 412 551 891
381 386 783 935 383 384 382 385 976 889 577 592
382 383 385 386 503 883
383 891 384 385 392 937 386 783 408 895 542 406 795 577 890
384 889 725 385 783 392 386 895
385 729 503 386
386 937 590
387 403 858 889 957 832 590 395
388 725 433 409 808 883 412 632 787 430 728 395 723 977 884 541 885 755 551 570 886 887
389 724 801 445 785 583 780
390 751 656 457 417 978 834 839
391 979 537 901 952 845
392 503 891 729 894 892 980 919 893 975 981 982 438 442
393
394 660 752 751 766 983 845
395 744 943 411 742 433 755 503 551 409 984 985 957 889 570 723 465 942 746 541 747 891
396 456 420 467
397 975 755 941 957
398 839 959 571 700
399 573 580
400 986 698 583 435 697 801 440 797
401 987 656 433 904 988
402 577 696 544 967 467
403 572 433 676 989
404 428
405 730 406 407
406 407 410 990 409 774 551 729 991
407 903 730 408 907 645 774 724
408 891 430 590 704 725 409 410 433 728 858
409 725 891 992 433 412 787 542 410 541 936 430
410 539 551 772
411 589 942 742 744 551 412 725 723
412 982 883 589 723 551
413 748 433
414 913 826 651 661 548 451 506 537 534 704 567
415 850 572
416 871 749 456 611
417 993 483 604 994 522 754
418 847 485 807 563 512 459
419 542 573 774
420 608
421 823 956 995 553 563 446
422 996 659
423
424 658 839 928 429 816
425
426 507 506 997 508 907 475 863 998 499 867 999 516
427
428 453 897 883 1000 553 459 918 542 816 774 519 545 631 1001
429 496 499 498 484 509
430 755 903 891 1002
431 931 962 906 1003 1004 859 609 821
432 686 542 926 801
433 885 570 886 787 725 541 992 884 551 755 887 883 728 747 635 539 723 467 686 503
434 690
435
436 438
437 728 500 724 551
438 1005 649
439 443 639
440 881 698 697 516 805 583
441
442 808 774 833 748 443 503 538
443
444 585 450 587 460 447 567
445 467 694 914 593 640
446 823 483 563 995 481 1006 476 474 815
447
448 455
449 458 730
450 506 771 499 949 1007 661 537 835
451 687 656 653 1008 454 1009 514 1010 913 651 655 662 587 661 455
452 483 563 686
453 622 820 1011 623 624 602 1012 621 620 1013 603 703 463 597 707 577
454 587 653 514 659
455 1008 816 760
456 922 467
457 1014 1000 1015 602 706 547 631 839
458 1016 699 1017 979 1018 700 839 841
459 756 532 563 553 1019 994 470 512 483 1020 485 847 1021 921 1022 476 1023 1024 486 1025 1026 1001
460 631
461 989 1008 1027 817
462
463 820 623 773 625 602 1028 624 1012
464 601 544
465 764 710 548 522 637 1029 1030
466 659 587 769 768 653 951 818 467 548 469 1009
467 1031 931 648 1032 911 488 835 557 964 572 551
468
469 499 809 500 520 835
470 512 756 807 847 1033 544
471 695
472
473
474 708 1019 1034 1006 848 553 482
475 869 479 484 507 756
476 995 482 932 1019 994 1035 485
477 563
478 479 1036 956 553 480 848 563
479 1036 956 482 810 995 874 674
480 708 1037 486 662 705 690 563 846 1038 553
481 867 848 994
482 1039 486 490 521 1040 496 606 708 483 1041 1007 563 498 1034 1042 1021 485 994 868
483 485 708 563 994 548 869 870 1023
484 509 604 507
485 564 756 921 1019 994 512 847 1022 1035
486 563 756 1025 1043 1044
487
488 494 873 693 674 688 877 1045
489 490
490 496 606 521 1040 631 516
491
492
493
494 805 873 688 1046 874 667 877 693
495 978
496 606 1040
497 1047 763 699 978 498
498 1000 1048 700
499 606 538 505 536 506 561 729 507
500 659 642 637 820 548 817
501
502 504 572 650
503 1049 729 892 891 980 919 723 725 894 832 548 551
504 735 572 740
505 524 508
506 508 889 606 561 539 516 998 941
507 510 754 606 717 508
508 520 1049 711
509
510
511 697 907 903 1050 888 774 808 833 895 832 991
512 847 807 756 1033 563
513 1051
514 770
515
516
517 591 593 599 600 598 531 835
518
519
520 764 710 577 1015 528
521 606
522 821 1052 764 527 569 545
523 577
524
525
526 901 528 557 911 1053
527 764 821 548
528 557 902
529 949
530 880
531 704 686 1054 830 679 653
532 756 611
533
534 1055
535
536
537 949 1056
538
539
540 548 1008
541 755 724 725 551 728 887 832 885
542 557 616 580 720 686 1033 708
543
544 580 708 720 640
545 1052 1057 568
546
547
548 830 567 563 659 1058 550 764 815
549
550 764
551 725 884 885 755 787 570 886 887 728 724 729 589 883
552 567 1059 662 1060 852
553 868 927 848 1061 1006 564 708 823 867 563
554 859 832 686 1062 1008 774 591 833
555 572
556 572 720 719
557 911 902 1053 901
558 740
559 1063
560 911 901 1053 1064 859 1065
561 587 653 659 567 768 676 577
562
563 995 868 994 761 867 823 848 577 847 708 956 807 659 1025
564 815 823 1037
565 566 881
566
567 655 597 1060 659 953
568 668
569
570 594 887 884 885 787 755 886 725
571 611 959 979 658
572 709 850
573
574
575
576
577 1066 1067 610 1068 670 655 1069 602 603 658 1070 810 865 890 714
578 843
579
580 685
581 756
582
583 805 779 698
584 662 676 705 690 982 699
585 882 637
586 1030 1071
587 951 653 952 769 768 655 659 950 654 818 771 1072 953 686
588 661
589 939 742 746 944 743 960 945 747 723 590 755 729
590 723 944 725 743 724 742 745
591 1073 594 649 593 894 724
592 1074 744 1075 694
593 599 647 598 600 694
594 724
595 741 785
596 597
597 707 1031 714 924 620 1076 653 1061 622 740 952 602
598 785 600 779
599 741 724 964
600 1045
601 622 621
602 620 854 740 629
603 620
604
605 871
606 1040
607 923 633 984
608 871
609 821 1077 966 611 1078
610 1000 613
611 967 1079 1080 984 922 1081 1082 1083
612 1018
613 853 699
614
615
616 1084
617
618
619
620 736
621 622 1012
622
623 820
624 676
625
626 635
627
628 682 639
629 871
630
631
632 729 858
633 984 923 871 968 1077
634
635 736 1013
636
637 676
638
639
640 642 641 645 644
641 642
642 644
643
644
645
646 786 782 785
647 791 694
648 659 772 782
649 774 695 697
650 1085
651
652 852
653 659 769 768 655 771
654
655 768 952
656 824 978 845 660 751
657 934 1086 1087 986 1088
658 852
659 768 771 1059 961 663 676
660 753 1083 751 703 983
661 714
662 705 690 1089
663 1090
664 989
665
666
667 879 693
668
669
670 835 777 1091
671
672
673
674 874 1046 693
675
676
677
678
679 1092
680
681
682
683
684
685
686 1006 703 702 691 697 1066 1000
687 883
688 693
689
690 974 705 852
691 883
692 1085
693 1093
694 695 785
695
696 774 789
697 789 796 800
698 1094 805 986 878
699 839
700 839 1095
701
702 782
703 774
704 995 1096
705 993 846 1097 1042 1037 1038 754
706 852 1009 824 953
707
708 815 1037 1034 1097 848
709 720 850 732 731
710 860 1049 899
711 794
712
713 1098 987
714 949
715
716
717 811
718 907
719
720
721
722 736
723 944 743 939 746 985 1099 957 940 745 945
724 725 728 797 786 729
725 728 977 884 885 755 787 886 887
726
727 730 991 1002 975
728 858
729 755 982 944 981 980
730 973 1002 991
731
732
733 820
734
735 936
736
737 792
738
739
740
741 964
742 747 944 943 745
743 745 944 744 782 747
744 939 747 944 745
745 944 747
746
747 939 1074
748
749 871
750
751
752 753
753 811
754
755 884 885 787 886 887 774
756 1044 1026 807 1100 1019 1024 847 1025
757
758
759
760 934 929
761
762
763 1047
764 794 821 1101 1052
765 773
766
767 1102
768 769 952
769 818 974 1072
770 1103 952
771 818
772 975
773 895
774 832 883 808 833
775
776
777
778
779 785
780
781
782 785
783 889 935 884 894 890
784
785
786
787 884 885 886 887
788
789
790
791
792 1066 1068 1004 1104 1077
793 808
794 1065 902
795
796
797
798 925
799
800
801 1105
802
803
804
805
806 849
807 1096 847 1033 1022
808 832 833
809
810 1036 956
811 845
812
813 824
814
815 848 846 822
816
817 989
818 952 1057 951
819 852
820
821 1052
822
823 1035 869 867 1106
824
825
826
827 1061
828
829
830 975
831
832 833 907
833 1107
834
835 1108 858 1009 1109 1110
836 837 879
837
838
839 979
840
841
842
843
844
845
846 1097 1042 1034 1038
847 1044 1097 1033
848 1034 1042 1036 1097
849
850
851
852 928
853 868
854 1111 870 922 867 868
855
856
857
858 1112
859 962 1004 906
860 1049 988 987
861
862
863
864 975 1112
865
866
867 868 1111 869
868 1111
869 1034 870 1113 1037
870
871
872
873 1114
874
875
876
877 1094
878
879
880
881
882
883 1115
884 885 886 887
885 886 887
886 887
887
888 895 935 890
889 1116 977
890 906 895
891
892
893 980 1010 982 894 975 919 981
894 980 975 982 919
895 935 923
896
897 1117
898 899
899 1057
900
901 1065 911
902
903 1050 907
904
905
906 1003 1004 1066 1068 910
907 991 1002
908
909 1068 1066 1004 1104 1077
910
911 1065 1064 1053
912
913
914
915
916
917
918 1118
919 980 982
920 1089
921 1001
922 1022
923 984
924
925
926
927 1061
928
929 1119
930 1010 1120
931 962 1004
932
933
934 986 1086
935
936
937
938
939 940 945
940 941
941 957
942
943
944
945
946
947
948
949 951
950
951
952
953 961
954
955
956 1036 994 995
957 1062 1099 985
958
959 1121
960
961
962
963
964
965
966
967 1083 1079
968
969
970
971
972
973
974
975 980 982
976
977
978 1122
979 1067
980 1123 982
981
982
983
984
985
986 1086
987 1049
988 1049
989 1008
990
991 1002
992
993
994 1042 1111 995 1025
995
996 1122
997 1124
998
999
1000 1048 1125
1001
1002
1003 1066 1004 1068 1104
1004 1066 1068 1104 1069
1005
1006
1007
1008 1126
1009
1010
1011
1012
1013
1014
1015
1016 1067 1018
1017
1018 1067
1019
1020
1021
1022 1127
1023 1096
1024
1025 1044
1026
1027
1028
1029
1030
1031 1068 1077
1032
1033
1034 1042 1038 1097 1037
1035
1036
1037
1038 1042 1097
1039
1040
1041
1042 1097
1043
1044 1111
1045
1046
1047
1048
1049
1050
1051
1052 1128
1053
1054
1055
1056
1057
1058
1059
1060
1061
1062
1063
1064
1065 1104
1066 1069 1068 1104 1077
1067
1068 1104 1069 1077
1069 1104
1070
1071
1072 1129
1073
1074
1075
1076
1077 1078
1078
1079 1083 1130
1080
1081
1082
1083
1084
1085
1086 1131
1087 1088
1088
1089
1090
1091
1092
1093
1094
1095 1132
1096
1097 1111
1098
1099
1100
1101
1102
1103
1104
1105
1106
1107
1108
1109
1110
1111
1112
1113
1114
1115
1116
1117
1118
1119
1120
1121
1122
1123
1124
1125
1126
1127
1128
1129
1130
1131
1132
