#C:\Users\sakroger\Desktop\k-core\git_code\code\formater.py
# GMT Sun Jan 17 05:23:47 2021
# 
0 1 2 3 6 8 9 15 19 20 21 22 23 28 29 30 31 32 33 36 37 38 39 43 44 45 46 48 52 56 57 58 59 60 64 65 66 67 68 69 70 71 72 73 74 75 76 77 78 79 80 81 82 83 84 85 86 87 89 90 91 92 93 94 95 96 97 98 99 100 101 102 103 104 105 106 107 108 109 110 111 112 113 114 115 116 117 118 119 120 121 122 123 124 125 126 127 128 129 130 131 132 133 136 137 138 139 143 144 145 146 148 152 156 157 158 159 160 164 165 166 167 168 169 170
1 9 11 13 14 15 16 17 18 19 21 22 23 24 25 26 27 32 34 39 41 46 48 49 50 51 52 53 54 55 56 57 58 59 60 61 62 63 64 69 71 72 73 74 75 76 77 78 80 81 82 83 84 85 86 87 88 89 90 91 92 93 94 95 96 97 98 99 100 101 102 103 104 105 106 107 108 109 110 111 112 113 114 115 116 117 118 119 120 121 122 123 124 125 126 127 128 129 130 131 132 133 134 139 141 146 148 149 150 151 152 153 154 155 156 157 158 159 160 161 162 163 164 169
2 6 11 13 14 15 16 17 18 19 20 22 23 24 25 26 27 29 34 36 41 43 48 49 50 51 52 53 54 55 56 57 58 59 60 61 62 63 64 66 71 72 73 74 75 76 77 78 79 81 82 83 84 85 86 87 88 89 90 91 92 93 94 95 96 97 98 99 100 101 102 103 104 105 106 107 108 109 110 111 112 113 114 115 116 117 118 119 120 121 122 123 124 125 126 127 128 129 130 131 132 133 134 136 141 143 148 149 150 151 152 153 154 155 156 157 158 159 160 161 162 163 164 166
3 8 11 13 14 15 16 17 18 19 20 21 23 24 25 26 27 30 34 37 41 44 48 49 50 51 52 53 54 55 56 57 58 59 60 61 62 63 64 67 71 72 73 74 75 76 77 78 79 80 82 83 84 85 86 87 88 89 90 91 92 93 94 95 96 97 98 99 100 101 102 103 104 105 106 107 108 109 110 111 112 113 114 115 116 117 118 119 120 121 122 123 124 125 126 127 128 129 130 131 132 133 134 137 141 144 148 149 150 151 152 153 154 155 156 157 158 159 160 161 162 163 164 167
6 4 5 7 10 11 13 14 17 21 25 27 28 30 31 32 33 34 35 38 40 41 42 45 47 48 49 50 51 54 58 62 64 65 66 67 68 69 70 71 72 73 74 75 76 77 78 79 80 81 82 83 84 85 86 87 88 89 90 91 92 93 95 96 97 98 99 100 101 102 103 104 105 106 107 108 109 110 111 112 113 114 115 116 117 118 119 120 121 122 123 124 125 126 127 128 129 130 131 132 133 134 135 138 140 141 142 145 147 148 149 150 151 154 158 162 164 165 166 167 168 169 170
8 11 13 14 18 22 26 27 28 29 31 32 33 34 39 41 46 48 49 50 51 55 59 63 64 65 66 67 68 69 70 71 72 73 74 75 76 77 78 79 80 81 82 83 84 85 86 87 88 89 90 91 92 93 94 96 97 98 99 100 101 102 103 104 105 106 107 108 109 110 111 112 113 114 115 116 117 118 119 120 121 122 123 124 125 126 127 128 129 130 131 132 133 134 139 141 146 148 149 150 151 155 159 163 164 165 166 167 168 169 170
9 11 13 14 16 20 24 27 28 29 30 31 33 34 37 41 44 48 49 50 51 53 57 61 64 65 66 67 68 69 70 71 72 73 74 75 76 77 78 79 80 81 82 83 84 85 86 87 88 89 90 91 92 93 94 95 96 98 99 100 101 102 103 104 105 106 107 108 109 110 111 112 113 114 115 116 117 118 119 120 121 122 123 124 125 126 127 128 129 130 131 132 133 134 137 141 144 148 149 150 151 153 157 161 164 165 166 167 168 169 170
15 4 5 7 10 12 13 21 24 25 26 27 28 31 33 34 35 36 37 38 39 40 41 42 45 47 50 54 58 60 61 62 63 64 65 68 70 71 72 73 74 75 76 77 78 79 80 81 82 83 84 85 86 87 88 89 90 91 92 93 94 95 96 97 98 99 100 101 102 103 104 105 107 108 109 110 111 112 113 114 115 116 117 118 119 120 121 122 123 124 125 126 127 128 129 130 131 132 133 134 135 136 137 138 139 140 141 142 145 147 150 154 158 160 161 162 163 164 165 168 170
19 4 5 7 10 11 12 13 14 17 25 27 28 31 33 34 35 36 37 38 39 40 41 42 45 47 48 49 50 51 54 58 62 64 65 68 70 71 72 73 74 75 76 77 78 79 80 81 82 83 84 85 86 87 88 89 90 91 92 93 94 95 96 97 98 99 100 101 102 103 104 105 106 107 108 109 111 112 113 114 115 116 117 118 119 120 121 122 123 124 125 126 127 128 129 130 131 132 133 134 135 136 137 138 139 140 141 142 145 147 148 149 150 151 154 158 162 164 165 168 170
20 5 7 13 14 18 26 27 32 34 35 36 37 38 39 40 41 46 48 49 50 51 55 59 63 64 69 71 72 73 74 75 76 77 78 79 80 81 82 83 84 85 86 87 88 89 90 91 92 93 94 95 96 97 98 99 100 101 102 103 104 105 106 107 108 109 110 112 113 114 115 116 117 118 119 120 121 122 123 124 125 126 127 128 129 130 131 132 133 134 135 136 137 138 139 140 141 146 148 149 150 151 155 159 163 164 169
21 5 7 11 14 23 27 29 34 35 36 37 38 39 40 41 43 48 49 50 51 52 56 60 64 66 71 72 73 74 75 76 77 78 79 80 81 82 83 84 85 86 87 88 89 90 91 92 93 94 95 96 97 98 99 100 101 102 103 104 105 106 107 108 109 110 111 113 114 115 116 117 118 119 120 121 122 123 124 125 126 127 128 129 130 131 132 133 134 135 136 137 138 139 140 141 143 148 149 150 151 152 156 160 164 166
22 5 7 11 13 16 24 27 30 34 35 36 37 38 39 40 41 44 48 49 50 51 53 57 61 64 67 71 72 73 74 75 76 77 78 79 80 81 82 83 84 85 86 87 88 89 90 91 92 93 94 95 96 97 98 99 100 101 102 103 104 105 106 107 108 109 110 111 112 114 115 116 117 118 119 120 121 122 123 124 125 126 127 128 129 130 131 132 133 134 135 136 137 138 139 140 141 144 148 149 150 151 153 157 161 164 167
23 4 5 7 10 12 13 16 17 18 27 28 31 33 34 35 36 37 38 39 40 41 42 45 47 50 52 53 54 55 58 62 64 65 68 70 71 72 73 74 75 76 77 78 79 80 81 82 83 84 85 86 87 88 89 90 91 92 93 94 95 96 97 98 99 100 101 102 103 104 105 106 107 108 109 110 111 112 113 115 116 117 118 119 120 121 122 123 124 125 126 127 128 129 130 131 132 133 134 135 136 137 138 139 140 141 142 145 147 150 152 153 154 155 158 162 164 165 168 170
28 5 10 12 24 25 26 29 36 40 41 42 43 44 45 46 47 48 52 56 60 61 62 63 66 70 71 72 73 74 75 76 77 78 79 80 81 82 83 84 85 86 87 88 89 90 91 92 93 94 95 96 97 98 99 100 101 102 103 104 105 106 107 108 109 110 111 112 113 114 115 116 117 118 119 120 121 122 123 125 126 127 128 129 130 131 132 133 136 140 141 142 143 144 145 146 147 148 152 156 160 161 162 163 166 170
29 4 5 7 10 11 12 13 14 17 25 27 33 34 35 38 40 41 42 43 44 45 46 47 48 49 50 51 54 58 62 64 65 68 70 71 72 73 74 75 76 77 78 79 80 81 82 83 84 85 86 87 88 89 90 91 92 93 94 95 96 97 98 99 100 101 102 103 104 105 106 107 108 109 110 111 112 113 114 115 116 117 118 119 120 121 122 123 124 125 127 128 129 130 131 132 133 134 135 138 140 141 142 143 144 145 146 147 148 149 150 151 154 158 162 164 165 168 170
30 4 10 11 12 13 14 18 26 27 34 39 41 42 43 44 45 46 47 48 49 50 51 55 59 63 64 69 71 72 73 74 75 76 77 78 79 80 81 82 83 84 85 86 87 88 89 90 91 92 93 94 95 96 97 98 99 100 101 102 103 104 105 106 107 108 109 110 111 112 113 114 115 116 117 118 119 120 121 122 123 124 125 126 128 129 130 131 132 133 134 139 141 142 143 144 145 146 147 148 149 150 151 155 159 163 164 169
31 4 10 11 13 14 34 36 41 42 43 44 45 46 47 48 49 50 51 52 56 60 64 66 71 72 73 74 75 76 77 78 79 80 81 82 83 84 85 86 87 88 89 90 91 92 93 94 95 96 97 98 99 100 101 102 103 104 105 106 107 108 109 110 111 112 113 114 115 116 117 118 119 120 121 122 123 124 125 126 127 129 130 131 132 133 134 136 141 142 143 144 145 146 147 148 149 150 151 152 156 160 164 166
32 4 10 11 12 13 14 16 24 27 34 37 41 42 43 44 45 46 47 48 49 50 51 53 57 61 64 67 71 72 73 74 75 76 77 78 79 80 81 82 83 84 85 86 87 88 89 90 91 92 93 94 95 96 97 98 99 100 101 102 103 104 105 106 107 108 109 110 111 112 113 114 115 116 117 118 119 120 121 122 123 124 125 126 127 128 130 131 132 133 134 137 141 142 143 144 145 146 147 148 149 150 151 153 157 161 164 167
33 4 7 12 16 17 18 35 36 41 42 43 44 45 46 47 48 52 53 54 55 56 60 65 66 71 72 73 74 75 76 77 78 79 80 81 82 83 84 85 86 87 88 89 90 91 92 93 94 95 96 97 98 99 100 101 102 103 104 105 106 107 108 109 110 111 112 113 114 115 116 117 118 119 120 121 122 123 124 125 126 127 128 129 130 131 133 135 136 141 142 143 144 145 146 147 148 152 153 154 155 156 160 165 166
36 4 5 7 10 11 12 13 14 16 17 18 24 25 26 27 34 35 40 41 42 45 47 48 49 50 51 52 53 54 55 57 58 59 60 61 62 63 64 65 68 70 71 72 73 76 80 84 86 87 88 89 92 96 100 102 103 104 105 106 107 108 109 110 111 112 113 114 115 116 117 118 119 120 121 124 128 132 134 135 137 138 139 140 141 142 143 144 145 146 147 148 149 150 151 152 153 154 155 156 157 158 159 160 161 162 163 164 165 166 167 168 169 170
37 11 13 14 16 17 18 24 25 26 27 34 41 46 48 49 50 51 52 53 54 55 56 58 59 60 61 62 63 64 69 71 72 73 77 81 85 86 87 88 89 93 97 101 102 103 104 105 106 107 108 109 110 111 112 113 114 115 116 117 118 119 120 121 125 129 133 134 135 136 138 139 140 141 142 143 144 145 146 147 148 149 150 151 152 153 154 155 156 157 158 159 160 161 162 163 164 165 166 167 168 169 170
38 11 13 14 16 17 18 24 25 26 27 41 43 48 49 50 51 52 53 54 55 56 57 59 60 61 62 63 64 66 71 72 73 74 78 82 86 87 88 89 90 94 98 102 103 104 105 106 107 108 109 110 111 112 113 114 115 116 117 118 119 120 121 122 126 130 134 135 136 137 139 140 141 142 143 144 145 146 147 148 149 150 151 152 153 154 155 156 157 158 159 160 161 162 163 164 165 166 167 168 169 170
39 11 13 14 16 17 18 24 25 26 27 34 41 44 48 49 50 51 52 53 54 55 56 57 58 60 61 62 63 64 67 71 72 73 75 79 83 86 87 88 89 91 95 99 102 103 104 105 106 107 108 109 110 111 112 113 114 115 116 117 118 119 120 121 123 127 131 134 135 136 137 138 140 141 142 143 144 145 146 147 148 149 150 151 152 153 154 155 156 157 158 159 160 161 162 163 164 165 166 167 168 169 170
43 4 5 7 10 11 12 13 14 17 25 27 34 35 40 41 42 47 48 49 50 51 54 58 62 64 65 67 68 69 70 71 72 73 76 80 84 86 87 88 89 92 96 100 102 103 104 105 108 112 116 118 119 120 121 122 123 124 125 126 127 128 129 130 131 132 133 134 135 136 137 138 139 140 141 142 144 145 146 147 148 149 150 151 152 153 154 155 156 157 158 159 160 161 162 163 164 165 166 167 168 169 170
44 11 13 14 18 26 27 34 41 48 49 50 51 55 59 63 64 65 66 68 69 70 71 72 73 77 81 85 86 87 88 89 93 97 101 102 103 104 105 109 113 117 118 119 120 121 122 123 124 125 126 127 128 129 130 131 132 133 134 135 136 137 138 139 140 141 142 143 145 146 147 148 149 150 151 152 153 154 155 156 157 158 159 160 161 162 163 164 165 166 167 168 169 170
45 11 13 14 27 34 48 49 50 51 52 56 60 64 65 66 67 69 70 71 72 73 74 78 82 86 87 88 89 90 94 98 102 103 104 105 106 110 114 118 119 120 121 122 123 124 125 126 127 128 129 130 131 132 133 134 135 136 137 138 139 140 141 142 143 144 146 147 148 149 150 151 152 153 154 155 156 157 158 159 160 161 162 163 164 165 166 167 168 169 170
46 11 13 14 16 24 27 34 41 48 49 50 51 53 57 61 64 65 66 67 68 70 71 72 73 75 79 83 86 87 88 89 91 95 99 102 103 104 105 107 111 115 118 119 120 121 122 123 124 125 126 127 128 129 130 131 132 133 134 135 136 137 138 139 140 141 142 143 144 145 147 148 149 150 151 152 153 154 155 156 157 158 159 160 161 162 163 164 165 166 167 168 169 170
48 4 5 7 10 12 13 17 25 27 34 35 40 41 42 47 54 57 58 59 62 64 65 66 67 68 69 70 71 72 73 74 75 76 77 78 79 80 81 82 83 84 85 88 92 94 95 96 97 100 104 108 110 111 112 113 116 120 124 126 127 128 129 132 134 135 136 137 138 139 140 141 142 143 144 145 146 147 149 150 151 152 153 154 155 156 157 158 159 160 161 162 163 164 165 166 167 168 169 170
52 4 5 7 10 12 13 17 24 25 26 27 34 35 40 41 42 47 50 58 61 62 63 64 65 68 70 71 72 73 74 75 76 77 78 79 80 81 82 83 84 85 88 92 96 98 99 100 101 104 108 112 114 115 116 117 120 124 128 130 131 132 133 134 135 136 137 138 139 140 141 142 143 144 145 146 147 148 149 150 151 153 154 155 156 157 158 159 160 161 162 163 164 165 166 167 168 169 170
56 4 5 7 10 11 12 13 14 17 25 27 34 35 40 41 42 47 49 50 51 54 62 64 65 68 70 71 72 73 74 75 76 77 78 79 80 81 82 83 84 85 86 87 88 89 92 96 100 102 103 104 105 108 112 116 118 119 120 121 124 128 132 134 135 136 137 138 139 140 141 142 143 144 145 146 147 148 149 150 151 152 153 154 155 157 158 159 160 161 162 163 164 165 166 167 168 169 170
57 5 7 11 13 14 18 26 27 34 35 40 41 50 51 55 63 64 69 71 72 73 74 75 76 77 78 79 80 81 82 83 84 85 86 87 88 89 93 97 101 102 103 104 105 109 113 117 118 119 120 121 125 129 133 134 135 136 137 138 139 140 141 142 143 144 145 146 147 148 149 150 151 152 153 154 155 156 158 159 160 161 162 163 164 165 166 167 168 169 170
58 5 7 11 13 14 27 34 35 40 41 49 51 60 64 66 71 72 73 74 75 76 77 78 79 80 81 82 83 84 85 86 87 88 89 90 94 98 102 103 104 105 106 110 114 118 119 120 121 122 126 130 134 135 136 137 138 139 140 141 142 143 144 145 146 147 148 149 150 151 152 153 154 155 156 157 159 160 161 162 163 164 165 166 167 168 169 170
59 5 7 11 13 14 16 24 27 34 35 40 41 49 50 53 61 64 67 71 72 73 74 75 76 77 78 79 80 81 82 83 84 85 86 87 88 89 91 95 99 102 103 104 105 107 111 115 118 119 120 121 123 127 131 134 135 136 137 138 139 140 141 142 143 144 145 146 147 148 149 150 151 152 153 154 155 156 157 158 160 161 162 163 164 165 166 167 168 169 170
60 4 5 7 10 12 13 16 17 18 25 27 34 35 40 41 42 47 50 53 54 55 64 65 68 70 71 72 73 74 75 76 77 78 79 80 81 82 83 84 85 88 90 91 92 93 96 100 104 106 107 108 109 112 116 120 122 123 124 125 128 132 134 135 136 137 138 139 140 141 142 143 144 145 146 147 148 149 150 151 152 153 154 155 156 157 158 159 161 162 163 164 165 166 167 168 169 170
64 4 10 12 42 47 66 67 69 74 78 79 80 81 82 86 87 88 89 90 91 92 93 94 95 96 97 98 99 100 101 102 106 110 111 112 113 114 118 122 126 127 128 129 130 134 135 136 137 138 139 140 141 142 143 144 145 146 147 148 149 150 151 152 153 154 155 156 157 158 159 160 161 162 163 165 166 167 168 169 170
65 4 5 10 12 24 25 26 40 41 47 61 62 63 66 74 78 82 83 84 85 86 87 88 89 90 91 92 93 94 95 96 97 98 99 100 101 102 106 110 114 115 116 117 118 122 126 130 131 132 133 134 135 136 137 138 139 140 141 142 143 144 145 146 147 148 149 150 151 152 153 154 155 156 157 158 159 160 161 162 163 164 166 167 168 169 170
66 4 5 7 10 11 12 13 14 17 25 27 34 35 40 41 42 47 49 50 51 54 62 70 71 72 73 76 80 84 86 87 88 89 90 91 92 93 94 95 96 97 98 99 100 101 102 103 104 105 108 112 116 118 119 120 121 124 128 132 134 135 136 137 138 139 140 141 142 143 144 145 146 147 148 149 150 151 152 153 154 155 156 157 158 159 160 161 162 163 164 165 167 168 169 170
67 4 10 11 12 13 14 18 26 27 34 41 42 47 49 50 51 55 63 71 72 73 77 81 85 86 87 88 89 90 91 92 93 94 95 96 97 98 99 100 101 102 103 104 105 109 113 117 118 119 120 121 125 129 133 134 135 136 137 138 139 140 141 142 143 144 145 146 147 148 149 150 151 152 153 154 155 156 157 158 159 160 161 162 163 164 165 166 168 169 170
68 4 10 11 12 13 14 27 34 41 42 47 49 50 51 71 72 73 74 78 82 86 87 88 89 90 91 92 93 94 95 96 97 98 99 100 101 102 103 104 105 106 110 114 118 119 120 121 122 126 130 134 135 136 137 138 139 140 141 142 143 144 145 146 147 148 149 150 151 152 153 154 155 156 157 158 159 160 161 162 163 164 165 166 167 169 170
69 4 10 11 12 13 14 16 24 27 34 41 42 47 49 50 51 53 61 71 72 73 75 79 83 86 87 88 89 90 91 92 93 94 95 96 97 98 99 100 101 102 103 104 105 107 111 115 118 119 120 121 123 127 131 134 135 136 137 138 139 140 141 142 143 144 145 146 147 148 149 150 151 152 153 154 155 156 157 158 159 160 161 162 163 164 165 166 167 168 170
70 4 7 10 12 16 17 18 35 41 42 53 54 55 74 75 76 77 78 82 86 87 88 89 90 91 92 93 94 95 96 97 98 99 100 101 102 106 107 108 109 110 114 118 122 123 124 125 126 130 134 135 136 137 138 139 140 141 142 143 144 145 146 147 148 149 150 151 152 153 154 155 156 157 158 159 160 161 162 163 164 165 166 167 168 169
71 4 5 7 10 11 12 13 14 16 17 18 24 25 26 27 49 50 51 53 54 55 61 62 63 77 78 80 81 85 89 93 94 95 96 97 101 102 104 105 106 107 108 109 110 111 112 113 114 115 116 117 121 125 126 127 128 129 133 136 137 138 139 143 144 145 146 148 149 150 151 152 153 154 155 156 157 158 159 160 161 162 163 166 167 168 169
72 4 5 7 10 11 12 13 14 16 17 18 24 25 26 27 49 50 51 53 54 55 61 62 63 74 78 79 81 82 86 90 94 95 96 97 98 102 103 105 106 107 108 109 110 111 112 113 114 115 116 117 118 122 126 127 128 129 130 136 137 138 139 143 144 145 146 148 149 150 151 152 153 154 155 156 157 158 159 160 161 162 163 166 167 168 169
73 4 5 7 10 11 12 13 14 16 17 18 24 25 26 27 49 50 51 53 54 55 61 62 63 75 78 79 80 83 87 91 94 95 96 97 99 102 103 104 106 107 108 109 110 111 112 113 114 115 116 117 119 123 126 127 128 129 131 136 137 138 139 143 144 145 146 148 149 150 151 152 153 154 155 156 157 158 159 160 161 162 163 166 167 168 169
74 4 5 7 10 11 12 13 14 16 17 18 24 25 26 27 34 35 40 41 42 47 49 50 51 53 54 55 61 62 63 80 83 84 85 88 92 96 98 99 100 101 102 103 104 105 107 108 109 110 111 112 113 114 115 116 117 120 124 128 130 131 132 133 134 135 138 140 141 142 145 147 148 149 150 151 152 153 154 155 156 157 158 159 160 161 162 163 164 165 168 170
75 4 5 7 10 11 12 13 14 16 17 18 24 25 26 27 40 47 49 50 51 53 54 55 61 62 63 81 82 84 85 89 93 97 98 99 100 101 102 103 104 105 106 108 109 110 111 112 113 114 115 116 117 121 125 129 130 131 132 133 139 140 146 147 148 149 150 151 152 153 154 155 156 157 158 159 160 161 162 163 169 170
76 4 5 10 11 12 13 14 16 17 18 24 25 26 27 40 47 49 50 51 53 54 55 61 62 63 78 82 83 85 86 90 94 98 99 100 101 102 103 104 105 106 107 109 110 111 112 113 114 115 116 117 118 122 126 130 131 132 133 136 140 143 147 148 149 150 151 152 153 154 155 156 157 158 159 160 161 162 163 166 170
77 4 5 7 10 11 12 13 14 16 17 18 24 25 26 27 40 47 49 50 51 53 54 55 61 62 63 79 82 83 84 87 91 95 98 99 100 101 102 103 104 105 106 107 108 110 111 112 113 114 115 116 117 119 123 127 130 131 132 133 137 140 144 147 148 149 150 151 152 153 154 155 156 157 158 159 160 161 162 163 167 170
78 4 5 7 10 11 12 13 14 16 17 18 24 25 26 27 34 35 40 41 42 47 49 50 51 53 54 55 61 62 63 84 86 87 88 89 92 96 100 102 103 104 105 106 107 108 109 111 112 113 114 115 116 117 118 119 120 121 124 128 132 134 135 138 140 141 142 145 147 148 149 150 151 152 153 154 155 156 157 158 159 160 161 162 163 164 165 168 170
79 4 5 7 10 11 12 13 14 16 17 18 24 25 26 27 34 41 49 50 51 53 54 55 61 62 63 85 86 87 88 89 93 97 101 102 103 104 105 106 107 108 109 110 112 113 114 115 116 117 118 119 120 121 125 129 133 134 139 141 146 148 149 150 151 152 153 154 155 156 157 158 159 160 161 162 163 164 169
80 4 5 7 10 11 12 13 14 16 17 18 24 25 26 27 34 41 49 50 51 53 54 55 61 62 63 82 86 87 88 89 90 94 98 102 103 104 105 106 107 108 109 110 111 113 114 115 116 117 118 119 120 121 122 126 130 134 136 141 143 148 149 150 151 152 153 154 155 156 157 158 159 160 161 162 163 164 166
81 4 5 7 10 11 12 13 14 16 17 18 24 25 26 27 34 41 49 50 51 53 54 55 61 62 63 83 86 87 88 89 91 95 99 102 103 104 105 106 107 108 109 110 111 112 114 115 116 117 118 119 120 121 123 127 131 134 137 141 144 148 149 150 151 152 153 154 155 156 157 158 159 160 161 162 163 164 167
82 4 5 7 10 11 12 13 14 16 17 18 24 25 26 27 34 35 40 41 42 47 49 50 51 53 54 55 61 62 63 88 90 91 92 93 96 100 102 103 104 105 106 107 108 109 110 111 112 113 115 116 117 120 122 123 124 125 128 132 134 135 138 140 141 142 145 147 148 149 150 151 152 153 154 155 156 157 158 159 160 161 162 163 164 165 168 170
83 4 5 7 10 11 12 13 14 16 17 18 24 25 26 27 35 42 49 50 51 53 54 55 61 62 63 89 90 91 92 93 97 101 102 103 104 105 106 107 108 109 110 111 112 113 114 116 117 121 122 123 124 125 129 133 135 139 142 146 148 149 150 151 152 153 154 155 156 157 158 159 160 161 162 163 165 169
84 4 7 10 11 12 13 14 16 17 18 24 25 26 27 35 42 49 50 51 53 54 55 61 62 63 86 90 91 92 93 94 98 102 103 104 105 106 107 108 109 110 111 112 113 114 115 117 118 122 123 124 125 126 130 135 136 142 143 148 149 150 151 152 153 154 155 156 157 158 159 160 161 162 163 165 166
85 4 5 7 10 11 12 13 14 16 17 18 24 25 26 27 35 42 49 50 51 53 54 55 61 62 63 87 90 91 92 93 95 99 102 103 104 105 106 107 108 109 110 111 112 113 114 115 116 119 122 123 124 125 127 131 135 137 142 144 148 149 150 151 152 153 154 155 156 157 158 159 160 161 162 163 165 167
86 4 5 7 10 11 12 13 14 16 17 18 24 25 26 27 34 35 40 41 42 47 50 54 62 92 95 96 97 100 104 108 110 111 112 113 116 119 120 121 122 123 124 125 126 127 128 129 130 131 132 133 134 135 136 137 138 139 140 141 142 143 144 145 146 147 150 154 156 157 158 159 162 164 165 166 167 168 169 170
87 4 5 7 10 11 12 13 14 16 17 18 24 25 26 27 51 55 63 93 94 96 97 101 105 109 110 111 112 113 117 118 120 121 122 123 124 125 126 127 128 129 130 131 132 133 136 137 138 139 143 144 145 146 151 155 156 157 158 159 163 164 165 166 167 168 169 170
89 4 5 7 10 11 12 13 14 16 17 18 24 25 26 27 49 53 61 91 94 95 96 99 103 107 110 111 112 113 115 118 119 120 122 123 124 125 126 127 128 129 130 131 132 133 136 137 138 139 143 144 145 146 149 153 156 157 158 159 161 164 165 166 167 168 169 170
90 4 5 7 10 11 12 13 14 16 17 18 24 25 26 27 34 35 40 41 42 47 50 54 61 62 63 88 96 99 100 101 104 108 112 114 115 116 117 118 119 120 121 123 124 125 126 127 128 129 130 131 132 133 134 135 138 140 141 142 145 147 150 154 158 160 161 162 163 164 165 166 167 168 169 170
91 4 5 7 10 11 12 13 14 16 17 18 24 25 26 27 40 47 51 55 61 62 63 97 98 100 101 105 109 113 114 115 116 117 118 119 120 121 122 124 125 126 127 128 129 130 131 132 133 139 140 146 147 151 155 159 160 161 162 163 164 165 166 167 168 169 170
92 5 7 10 11 12 13 14 16 17 18 24 25 26 27 40 47 61 62 63 94 98 99 101 102 106 110 114 115 116 117 118 119 120 121 122 123 125 126 127 128 129 130 131 132 133 136 140 143 147 148 152 156 160 161 162 163 164 165 166 167 168 169 170
93 4 5 7 10 11 12 13 14 16 17 18 24 25 26 27 40 47 49 53 61 62 63 95 98 99 100 103 107 111 114 115 116 117 118 119 120 121 122 123 124 126 127 128 129 130 131 132 133 137 140 144 147 149 153 157 160 161 162 163 164 165 166 167 168 169 170
94 4 5 7 10 11 12 13 14 16 17 18 24 25 26 27 34 35 40 41 42 47 49 50 51 54 62 88 100 102 103 104 105 108 112 116 118 119 120 121 122 123 124 125 127 128 129 130 131 132 133 134 135 138 140 141 142 145 147 148 149 150 151 154 158 162 164 165 166 167 168 169 170
95 4 5 7 10 11 12 13 14 16 17 18 24 25 26 27 34 41 49 50 51 55 63 88 101 102 103 104 105 109 113 117 118 119 120 121 122 123 124 125 126 128 129 130 131 132 133 134 139 141 146 148 149 150 151 155 159 163 164 165 166 167 168 169 170
96 4 5 7 10 11 13 14 16 17 18 24 25 26 27 34 41 49 50 51 98 102 103 104 105 106 110 114 118 119 120 121 122 123 124 125 126 127 129 130 131 132 133 134 136 141 143 148 149 150 151 152 156 160 164 165 166 167 168 169 170
97 4 5 7 10 11 12 13 14 16 17 18 24 25 26 27 34 41 49 50 51 53 61 88 99 102 103 104 105 107 111 115 118 119 120 121 122 123 124 125 126 127 128 130 131 132 133 134 137 141 144 148 149 150 151 153 157 161 164 165 166 167 168 169 170
98 4 5 7 10 11 12 13 14 16 17 18 24 25 26 27 34 35 40 41 42 47 50 53 54 55 62 88 104 106 107 108 109 112 116 118 119 120 121 122 123 124 125 126 127 128 129 131 132 133 134 135 138 140 141 142 145 147 150 152 153 154 155 158 162 164 165 166 167 168 169 170
99 4 5 7 10 11 12 13 14 16 17 18 24 25 26 27 35 42 51 53 54 55 63 105 106 107 108 109 113 117 118 119 120 121 122 123 124 125 126 127 128 129 130 132 133 135 139 142 146 151 152 153 154 155 159 163 164 165 166 167 168 169 170
100 4 5 7 11 12 13 14 16 17 18 24 25 26 27 35 42 53 54 55 102 106 107 108 109 110 114 118 119 120 121 122 123 124 125 126 127 128 129 130 131 133 135 136 142 143 148 152 153 154 155 156 160 164 165 166 167 168 169 170
101 4 5 7 10 11 12 13 14 16 17 18 24 25 26 27 35 42 49 53 54 55 61 103 106 107 108 109 111 115 118 119 120 121 122 123 124 125 126 127 128 129 130 131 132 135 137 142 144 149 152 153 154 155 157 161 164 165 166 167 168 169 170
102 4 5 7 10 11 12 13 14 16 17 18 24 25 26 27 34 35 40 41 42 47 50 54 62 88 108 111 112 113 116 120 124 126 127 128 129 132 134 135 136 137 138 139 140 141 142 143 144 145 146 147 150 154 156 157 158 159 162 164 165 166 167 168 169 170
103 4 5 7 10 12 13 14 16 17 18 24 25 26 27 34 35 40 51 55 63 109 110 112 113 117 121 125 126 127 128 129 133 134 135 136 137 138 139 140 143 144 145 146 151 155 156 157 158 159 163 166 167 168 169
104 4 5 7 10 11 12 14 16 17 18 24 25 26 27 34 35 40 106 110 111 113 114 118 122 126 127 128 129 130 134 135 136 137 138 139 140 143 144 145 146 148 152 156 157 158 159 160 166 167 168 169
105 4 5 7 10 11 12 13 16 17 18 24 25 26 27 34 35 40 49 53 61 107 110 111 112 115 119 123 126 127 128 129 131 134 135 136 137 138 139 140 143 144 145 146 149 153 156 157 158 159 161 166 167 168 169
106 4 5 7 10 11 12 13 14 16 17 18 24 25 26 27 34 35 40 41 42 47 50 54 61 62 63 88 112 115 116 117 120 124 128 130 131 132 133 134 135 136 137 138 139 140 141 142 145 147 150 154 158 160 161 162 163 164 165 168 170
107 4 5 7 10 11 12 13 14 17 18 24 25 26 27 34 35 40 47 51 55 61 62 63 113 114 116 117 121 125 129 130 131 132 133 134 135 136 137 138 139 140 146 147 151 155 159 160 161 162 163 169 170
108 4 5 7 10 11 12 13 14 16 18 24 25 26 27 34 35 40 47 61 62 63 110 114 115 117 118 122 126 130 131 132 133 134 135 136 137 138 139 140 143 147 148 152 156 160 161 162 163 166 170
109 4 5 7 10 11 12 13 14 16 17 24 25 26 27 34 35 40 47 49 53 61 62 63 111 114 115 116 119 123 127 130 131 132 133 134 135 136 137 138 139 140 144 147 149 153 157 160 161 162 163 167 170
110 4 5 7 10 11 12 13 14 16 17 18 24 25 26 27 34 35 40 41 42 47 49 50 51 54 62 88 116 118 119 120 121 124 128 132 134 135 136 137 138 139 140 141 142 145 147 148 149 150 151 154 158 162 164 165 168 170
111 4 5 7 10 11 12 13 14 16 17 18 24 25 26 27 34 35 40 41 49 50 51 55 63 88 117 118 119 120 121 125 129 133 134 135 136 137 138 139 140 141 146 148 149 150 151 155 159 163 164 169
112 4 5 7 10 11 12 13 14 16 17 18 24 25 26 27 34 35 40 41 49 50 51 88 114 118 119 120 121 122 126 130 134 135 136 137 138 139 140 141 143 148 149 150 151 152 156 160 164 166
113 4 5 7 10 11 12 13 14 16 17 18 24 25 26 27 34 35 40 41 49 50 51 53 61 88 115 118 119 120 121 123 127 131 134 135 136 137 138 139 140 141 144 148 149 150 151 153 157 161 164 167
114 4 5 7 10 11 12 13 14 16 17 18 24 25 26 27 34 35 40 41 42 47 50 53 54 55 62 88 120 122 123 124 125 128 132 134 135 136 137 138 139 140 141 142 145 147 150 152 153 154 155 158 162 164 165 168 170
115 4 5 7 10 11 12 13 14 16 17 18 25 26 27 34 35 40 42 51 53 54 55 63 121 122 123 124 125 129 133 134 135 136 137 138 139 140 142 146 151 152 153 154 155 159 163 165 169
116 4 5 7 10 11 12 13 14 16 17 18 24 26 27 34 35 40 42 53 54 55 118 122 123 124 125 126 130 134 135 136 137 138 139 140 142 143 148 152 153 154 155 156 160 165 166
117 4 5 7 10 11 12 13 14 16 17 18 24 25 27 34 35 40 42 49 53 54 55 61 119 122 123 124 125 127 131 134 135 136 137 138 139 140 142 144 149 152 153 154 155 157 161 165 167
118 4 5 7 10 11 12 13 14 16 17 18 24 25 26 27 34 35 40 41 42 47 50 54 62 88 124 127 128 129 132 134 135 136 137 138 139 140 141 142 143 144 145 146 147 150 154 156 157 158 159 162 164 165 166 167 168 169 170
119 4 5 7 10 11 12 13 14 16 17 18 24 25 26 27 41 42 47 51 55 63 88 125 126 128 129 133 136 137 138 139 141 142 143 144 145 146 147 151 155 156 157 158 159 163 166 167 168 169
120 4 5 7 10 11 12 13 14 16 17 18 24 25 26 41 42 47 122 126 127 129 130 136 137 138 139 141 142 143 144 145 146 147 148 152 156 157 158 159 160 166 167 168 169
121 4 5 7 10 11 12 13 14 16 17 18 24 25 26 27 41 42 47 49 53 61 88 123 126 127 128 131 136 137 138 139 141 142 143 144 145 146 147 149 153 156 157 158 159 161 166 167 168 169
122 4 5 7 10 11 12 13 14 16 17 18 24 25 26 27 34 35 40 41 42 47 50 54 61 62 63 88 128 131 132 133 134 135 138 140 141 142 143 144 145 146 147 150 154 158 160 161 162 163 164 165 168 170
123 4 5 7 10 11 12 13 14 16 17 18 24 25 26 27 40 41 42 47 51 55 61 62 63 88 129 130 132 133 139 140 141 142 143 144 145 146 147 151 155 159 160 161 162 163 169 170
124 4 5 7 10 11 12 13 14 16 17 18 24 25 26 27 40 41 42 47 61 62 63 88 126 130 131 133 136 140 141 142 143 144 145 146 147 148 152 156 160 161 162 163 166 170
125 4 5 7 10 11 12 13 14 16 17 18 24 25 26 27 40 41 42 47 49 53 61 62 63 88 127 130 131 132 137 140 141 142 143 144 145 146 147 149 153 157 160 161 162 163 167 170
126 4 5 7 10 11 12 13 14 16 17 18 24 25 26 27 34 35 40 41 42 47 49 50 51 54 62 88 132 134 135 138 140 141 142 143 144 145 146 147 148 149 150 151 154 158 162 164 165 168 170
127 4 5 7 10 11 12 13 14 16 17 18 24 25 26 27 34 41 42 47 49 50 51 55 63 88 133 134 139 141 142 143 144 145 146 147 148 149 150 151 155 159 163 164 169
128 4 5 7 10 11 12 13 14 16 17 18 24 25 26 27 34 41 42 47 49 50 51 88 130 134 136 141 142 143 144 145 146 147 148 149 150 151 152 156 160 164 166
129 4 5 7 10 11 12 13 14 16 17 18 24 25 26 27 34 41 42 47 49 50 51 53 61 88 131 134 137 141 142 143 144 145 146 147 148 149 150 151 153 157 161 164 167
130 4 5 7 10 11 12 13 14 16 17 18 24 25 26 27 34 35 40 41 42 47 50 53 54 55 62 88 134 135 138 140 141 142 143 144 145 146 147 150 152 153 154 155 158 162 164 165 168 170
131 4 5 7 10 11 12 13 14 16 17 18 24 25 26 27 35 41 42 47 51 53 54 55 63 88 135 139 141 142 143 144 145 146 147 151 152 153 154 155 159 163 165 169
132 4 5 7 10 11 12 13 14 16 17 18 24 25 26 27 35 41 42 47 53 54 55 88 135 136 141 142 143 144 145 146 147 148 152 153 154 155 156 160 165 166
133 4 5 7 10 11 12 13 14 16 17 18 24 25 26 27 35 41 42 47 49 53 54 55 61 88 135 137 141 142 143 144 145 146 147 149 152 153 154 155 157 161 165 167
136 4 5 7 10 11 12 13 14 16 17 18 24 25 26 27 34 35 40 41 42 47 49 50 51 53 54 55 61 62 63 88 134 135 140 141 142 145 147 148 149 150 151 152 153 154 155 157 158 159 160 161 162 163 164 165 168 170
137 11 13 14 16 17 18 24 25 26 27 34 35 40 41 42 47 49 50 51 53 54 55 61 62 63 88 134 141 146 148 149 150 151 152 153 154 155 156 158 159 160 161 162 163 164 169
138 11 13 14 16 17 18 24 25 26 27 34 35 40 41 42 47 49 50 51 53 54 55 61 62 63 88 141 143 148 149 150 151 152 153 154 155 156 157 159 160 161 162 163 164 166
139 11 13 14 16 17 18 24 25 26 27 34 35 40 41 42 47 49 50 51 53 54 55 61 62 63 88 134 141 144 148 149 150 151 152 153 154 155 156 157 158 160 161 162 163 164 167
143 4 5 7 10 11 12 13 14 17 25 27 34 35 40 41 42 47 49 50 51 53 54 55 61 62 63 88 134 135 140 141 142 147 148 149 150 151 154 158 162 164 165 167 168 169 170
144 11 13 14 18 26 27 34 35 40 41 42 47 49 50 51 53 54 55 61 62 63 88 134 141 148 149 150 151 155 159 163 164 165 166 168 169 170
145 11 13 14 27 34 35 40 41 42 47 49 50 51 53 54 55 61 62 63 88 134 148 149 150 151 152 156 160 164 165 166 167 169 170
146 11 13 14 16 24 27 34 35 40 41 42 47 49 50 51 53 54 55 61 62 63 88 134 141 148 149 150 151 153 157 161 164 165 166 167 168 170
148 4 5 7 10 12 13 17 25 27 34 35 40 41 42 47 49 50 51 53 54 55 61 62 63 88 134 135 140 141 142 147 154 157 158 159 162 164 165 166 167 168 169 170
152 4 5 7 10 12 13 17 24 25 26 27 34 35 40 41 42 47 49 50 51 53 54 55 61 62 63 88 134 135 140 141 142 147 150 158 161 162 163 164 165 168 170
156 4 5 7 10 11 12 13 14 17 25 27 34 35 40 41 42 47 49 50 51 53 54 55 61 62 63 88 134 135 140 141 142 147 149 150 151 154 162 164 165 168 170
157 5 7 11 13 14 18 26 27 34 35 40 41 42 47 49 50 51 53 54 55 61 62 63 88 134 135 140 141 150 151 155 163 164 169
158 5 7 11 13 14 27 34 35 40 41 42 47 49 50 51 53 54 55 61 62 63 88 134 135 140 141 149 151 160 164 166
159 5 7 11 13 14 16 24 27 34 35 40 41 42 47 49 50 51 53 54 55 61 62 63 88 134 135 140 141 149 150 153 161 164 167
160 4 5 7 10 12 13 16 17 18 25 27 34 35 40 41 42 47 49 50 51 53 54 55 61 62 63 88 134 135 140 141 142 147 150 153 154 155 164 165 168 170
164 4 10 12 34 35 40 41 42 47 49 50 51 53 54 55 61 62 63 88 142 147 166 167 169
165 4 5 10 12 24 25 26 34 35 40 41 42 47 49 50 51 53 54 55 61 62 63 88 140 141 147 161 162 163 166
166 4 5 7 10 11 12 13 14 17 25 27 34 35 40 41 42 47 49 50 51 53 54 55 61 62 63 88 134 135 140 141 142 147 149 150 151 154 162 170
167 4 10 11 12 13 14 18 26 27 34 35 40 41 42 47 49 50 51 53 54 55 61 62 63 88 134 141 142 147 149 150 151 155 163
168 4 10 11 12 13 14 27 34 35 40 41 42 47 49 50 51 53 54 55 61 62 63 88 134 141 142 147 149 150 151
169 4 10 11 12 13 14 16 24 27 34 35 40 41 42 47 49 50 51 53 54 55 61 62 63 88 134 141 142 147 149 150 151 153 161
170 4 7 10 12 16 17 18 34 35 40 41 42 47 49 50 51 53 54 55 61 62 63 88 135 141 142 153 154 155
11 5 7 12 18 26 34 35 40 51 55 63 88 134 135 140 151 155 163
13 5 7 12 34 35 40 88 134 135 140
14 5 7 12 16 24 34 35 40 49 53 61 88 134 135 140 149 153 161
16 5 7 10 25 26 34 35 40 47 51 55 61 62 63 88 134 135 140 147 151 155 161 162 163
17 5 10 24 26 34 35 40 47 61 62 63 88 134 135 140 147 161 162 163
18 5 7 10 24 25 34 35 40 47 49 53 61 62 63 88 134 135 140 147 149 153 161 162 163
24 4 5 7 34 35 40 42 51 53 54 55 63 88 134 135 140 142 151 153 154 155 163
25 4 7 34 35 40 42 53 54 55 88 134 135 140 142 153 154 155
26 4 5 7 34 35 40 42 49 53 54 55 61 88 134 135 140 142 149 153 154 155 161
27 4 10 12 41 42 47 88 141 142 147
34 12 49 51 53 54 55 61 62 63 135 140 141 142 147 149 150 151 153 154 155 161 162 163
41 12 134 135 140 142 147 149 150 151 153 154 155 161 162 163
49 5 7 12 35 40 55 63 134 135 140 141 142 147 150 151 153 154 155 161 162 163
50 5 7 12 35 40 134 135 140 141 142 147 149 151 153 154 155 161 162 163
51 5 7 12 35 40 53 61 134 135 140 141 142 147 149 150 153 154 155 161 162 163
53 5 7 10 35 40 47 62 63 134 135 140 141 142 147 149 150 151 154 155 161 162 163
54 5 7 10 40 47 61 63 134 135 140 141 142 147 149 150 151 153 155 161 162 163
55 5 7 10 35 40 47 61 62 134 135 140 141 142 147 149 150 151 153 154 161 162 163
61 4 5 7 35 40 42 134 135 140 141 142 147 149 150 151 153 154 155 162 163
62 4 5 7 35 42 134 135 140 141 142 147 149 150 151 153 154 155 161 163
63 4 5 7 35 40 42 134 135 140 141 142 147 149 150 151 153 154 155 161 162
88 4 5 7 10 12
134 12 35 40 42 47 149 151 153 154 155 161 162 163
141 12 35 40 42 47
149 5 7 12 35 40 42 47 135 140 155 163
150 5 7 12 35 40 42 47 135 140
151 5 7 12 35 40 42 47 135 140 153 161
153 5 7 10 35 40 42 47 135 140 147 162 163
154 5 7 10 35 40 42 47 140 147 161 163
155 5 7 10 35 40 42 47 135 140 147 161 162
161 4 5 7 35 40 42 47 135 140 142
162 4 5 7 35 40 42 47 135 142
163 4 5 7 35 40 42 47 135 140 142
4 5 40 47 140 147
5 35 42 135 142
40 7 42 135 142 147
47 7 35 135 140 142
140 7 35 42 142
147 7 35 42 135
35 10 142
42 10 135
135 10
142 10
7 10
10
12
