#C:\Users\sakroger\Desktop\k-core\git_code\code\formater.py
# GMT Sun Jan 17 05:23:53 2021
# 
0 1 2 6 9 13 15 19 20 22 24 25 26 27 35 45 51 57 59 67 69 70 72 73 75 80 82 85 86 87 88 90 91 93 98 100 102 103 108 110 122 133 135 138 139 140 141 143 145 148 150 151 159 160 164 167 169 170 175 176 179 183 190 197 203 211 216 217 218 224 227 234 235 236 243 245 248 254 257 259 262 263 266 267 268 272 284 286 292 295 296 298
1 3 5 10 20 21 24 25 29 39 40 41 42 44 45 49 51 52 55 56 57 58 62 68 70 71 75 77 78 80 85 88 90 96 97 99 104 105 108 110 112 114 117 120 121 122 123 124 132 133 135 136 138 144 146 147 149 152 153 154 160 163 175 176 178 179 181 184 187 189 193 194 198 199 200 203 214 215 218 233 235 236 237 238 242 245 250 251 258 260 262 264 266 267 268 269 270 272 273 279 284 285 286 289 290 292 295
2 3 8 18 27 31 38 51 55 58 59 62 66 67 69 79 82 85 89 93 107 108 109 110 114 117 120 122 123 132 133 146 154 158 169 174 178 179 181 191 196 201 208 213 215 224 225 230 243 246 249 251 253 254 273 286 290 291
6 4 7 16 20 24 28 29 34 35 37 41 42 44 47 48 51 54 60 66 67 74 80 82 85 87 90 91 92 94 97 103 116 121 122 125 134 145 149 152 159 160 162 165 169 172 173 174 176 181 190 191 196 199 203 207 208 210 216 221 224 231 232 234 235 236 237 238 248 254 255 257 261 268 272 274 275 278 279 282 290 291
9 19 20 23 27 30 49 55 67 68 75 81 95 98 106 113 120 138 144 148 152 176 185 189 192 197 206 221 223 225 232 238 244 249 254 255 261 267 268 273 289 298
13 11 14 18 31 39 40 41 42 57 69 78 99 101 112 128 136 138 152 158 178 180 184 189 190 196 197 198 205 207 227 228 244 245 249 267 270 272 275 290 293
15 7 12 18 32 37 43 45 53 57 62 69 72 74 75 78 80 82 90 91 92 104 108 109 113 117 124 127 128 132 135 139 146 150 151 153 159 173 176 179 189 191 198 202 203 204 234 238 239 252 254 261 267 270 275 278 279 293 297
19 16 17 21 22 25 30 32 36 37 39 42 43 45 46 47 48 52 53 56 71 73 75 76 78 81 82 84 86 87 88 90 92 96 102 107 108 112 114 123 125 136 141 145 147 155 156 163 164 167 168 169 174 175 178 179 183 187 196 197 198 199 204 209 210 211 212 214 215 218 219 221 225 226 228 232 234 236 238 242 243 244 245 246 248 249 255 262 264 265 267 269 270 272 273 277 282 292 295 296 299
20 4 8 10 18 23 24 25 26 29 38 42 43 47 58 62 70 74 82 83 90 92 95 99 103 108 114 124 128 132 136 138 140 143 148 161 163 166 169 170 172 173 178 179 181 186 190 198 200 203 205 209 221 222 229 235 236 239 244 250 254 256 257 258 260 261 264 269 271 272 273 278 280 283 287 289 290 292 295 297
22 23 29 36 39 48 55 62 69 70 83 86 92 94 100 105 114 116 119 135 140 144 148 152 159 162 169 170 177 178 196 203 205 207 208 228 230 232 233 236 239 244 248 250 253 263 270 273 290 292
24 3 8 10 17 21 34 35 37 56 67 69 74 76 79 92 97 106 119 124 126 132 136 137 138 140 143 145 148 149 150 155 157 158 161 163 168 169 170 172 184 188 189 192 194 196 197 198 199 205 206 213 214 217 218 219 220 223 225 230 234 238 242 244 247 249 250 253 255 258 261 262 264 265 266 267 269 271 272 276 285 290 292 295 299
25 7 11 12 18 27 28 31 32 36 38 47 49 51 53 57 60 64 66 67 75 78 79 82 84 91 92 95 96 97 101 106 109 111 112 115 117 124 127 131 134 137 138 145 148 152 155 158 159 162 164 165 170 175 184 185 186 192 194 196 198 201 202 205 207 209 220 222 225 229 230 233 236 243 245 246 251 252 258 261 267 268 270 272 278 281 285 290 291 293 295 299
26 16 18 40 42 43 48 54 55 57 58 59 70 78 83 86 134 146 148 150 161 171 175 184 189 194 201 205 211 222 224 225 226 231 238 254 255 263 265 267 268 273 274 284 285 286 290 292
27 11 12 16 17 29 31 32 37 39 41 44 52 54 56 60 72 75 87 106 109 110 114 119 120 122 126 127 128 129 141 143 156 158 159 162 164 166 167 171 173 174 176 183 184 187 189 194 195 197 198 200 203 205 213 215 216 218 219 225 227 232 237 238 242 247 249 250 252 253 257 262 270 271 273 282 284 285 289 290 291 292 293 294
35 5 11 16 18 30 31 32 37 39 43 44 45 46 47 50 53 54 69 71 74 80 92 96 97 104 106 108 118 121 122 123 133 142 147 161 163 164 167 173 175 178 180 182 187 188 192 196 205 210 213 220 230 231 235 242 249 254 269 270 273 279 284 287 292 293 297
45 18 23 31 34 41 43 48 54 69 70 73 75 79 82 83 86 90 97 100 103 106 108 122 129 137 145 149 152 159 161 169 170 175 187 190 193 196 199 214 222 231 236 238 239 241 253 254 255 291
51 3 14 18 23 30 41 55 65 66 75 76 77 78 86 87 94 97 99 100 103 107 114 116 118 124 136 137 141 143 144 145 146 148 149 150 151 154 155 156 160 162 165 171 174 178 182 183 185 187 189 191 192 193 194 196 203 204 208 212 215 218 220 221 224 226 230 231 234 237 239 243 244 245 246 248 251 266 272 273 274 275 278 287 293 298
57 17 38 39 40 47 49 53 54 60 70 72 74 76 78 84 88 91 94 98 101 108 114 116 118 119 121 128 130 135 137 143 144 158 160 165 167 168 176 177 181 184 188 190 191 195 197 198 201 203 208 216 217 218 219 220 221 222 228 229 230 232 234 238 243 244 245 247 250 252 255 267 271 272 279 280 284 288 289 290 292 296 297 298
59 48 74 87 102 105 116 118 123 126 132 152 160 161 165 176 198 199 208 218 234 243 249 255 258 262 267 273 290 297
67 5 18 23 29 33 37 40 47 64 66 70 71 74 75 78 80 81 82 88 90 102 105 106 116 119 120 124 126 128 135 139 140 144 145 147 152 153 155 161 170 172 175 176 178 179 180 189 191 199 209 218 220 224 229 231 236 238 239 241 242 246 252 254 255 259 262 269 272 275 279 284 286 291 295 299
69 3 11 17 18 23 29 32 33 36 53 55 58 62 64 65 75 79 86 87 89 90 92 93 95 98 107 108 118 121 126 127 128 129 130 138 139 142 148 150 151 153 155 164 167 174 175 176 187 188 189 191 193 194 202 203 205 206 207 211 213 215 217 218 220 222 223 224 225 228 232 234 238 240 267 268 270 271 279 280 282 283 290 292 293 294 296 299
70 30 39 44 46 56 74 76 78 90 91 102 105 110 127 138 150 166 169 171 178 180 182 184 185 187 190 192 193 197 205 212 217 219 226 235 240 243 244 245 248 249 254 262 266 268 271 273 276 279 280 285 286 289 295 298
72 14 29 37 47 48 55 56 58 75 76 87 88 104 108 122 123 132 136 147 165 173 203 205 214 217 218 220 225 226 230 231 232 234 245 246 250 251 259 261 266 270 273 276 280 283 287 289 290 295 297
73 32 37 39 47 48 49 50 62 80 96 101 102 109 112 118 125 127 128 130 131 137 138 142 152 155 158 161 166 169 170 173 174 175 176 187 195 199 206 214 220 225 227 230 233 236 238 243 244 246 270 271 278 283 285 287 294 296 298
75 18 23 28 29 30 34 36 37 41 43 48 52 53 55 61 63 66 76 77 79 82 83 85 87 92 96 99 100 106 107 109 112 117 118 122 123 126 128 129 133 134 138 143 144 150 152 155 160 161 162 163 166 167 168 169 171 174 176 177 184 189 195 196 201 203 205 208 211 212 213 217 218 221 225 227 231 232 234 237 238 242 246 264 265 268 269 277 278 279 286 289 295 297 299
80 3 7 17 18 38 39 41 44 48 53 55 56 58 65 74 77 87 97 103 106 108 111 119 122 125 130 134 135 136 146 149 151 157 160 173 174 175 183 187 196 199 203 209 219 220 225 230 236 239 244 249 250 254 256 262 272 278 287 289 291 293 295 299
82 3 7 16 17 18 21 28 30 32 40 46 47 53 55 58 61 62 63 71 83 88 89 90 94 98 99 100 102 107 110 111 113 114 116 117 119 120 124 127 130 133 134 143 144 147 150 151 152 154 165 166 170 180 183 187 189 190 191 198 202 204 207 212 218 219 221 222 230 232 233 236 242 243 244 253 254 258 261 262 265 266 267 271 273 275 276 280 282 283 284 287 288 289 292 294 297
85 16 28 33 34 56 58 77 88 92 101 102 103 104 106 120 123 124 135 136 147 152 157 158 166 189 190 195 198 204 205 211 215 223 225 236 238 248 253 257 259 261 265 266 269 280 289 295 298
86 16 17 23 32 34 36 37 38 40 41 43 46 47 48 54 55 58 62 65 76 87 89 94 97 98 102 104 105 107 108 120 121 124 130 132 134 142 149 150 152 155 161 171 176 178 182 184 187 188 190 199 205 209 211 222 227 230 241 248 254 259 261 269 270 272 276 277 282 284 285 291 296 298
87 17 23 31 32 34 42 46 47 48 49 52 53 55 56 65 79 90 92 95 100 103 105 110 112 115 116 117 118 124 127 131 132 134 136 137 139 142 147 150 152 167 170 173 174 176 179 183 185 187 189 192 196 197 201 206 213 216 217 220 222 234 237 239 241 243 244 245 246 250 254 255 258 261 262 263 267 269 272 273 279 283 284 295
88 3 5 7 12 16 17 18 32 33 34 37 40 41 42 48 50 58 60 61 74 77 79 84 89 90 96 97 99 102 106 108 110 111 119 123 124 125 128 137 138 140 144 151 154 155 157 159 161 162 166 169 173 176 181 182 186 198 206 207 208 210 211 212 213 214 217 223 225 230 232 234 235 236 240 243 246 250 251 253 255 259 260 265 267 269 273 274 276 280 282 285 287 292 294
90 10 12 18 21 23 37 39 41 43 48 49 55 58 62 66 92 93 95 99 104 108 109 116 120 122 123 125 126 128 133 134 135 137 140 144 148 156 158 159 160 163 164 169 170 176 184 187 191 194 196 203 204 205 208 210 213 226 228 232 236 238 239 241 244 250 251 252 260 262 263 265 267 273 279 281 285 291 292 295 297
91 34 37 44 47 52 58 83 84 93 98 101 103 104 108 113 121 124 130 155 159 160 167 173 174 187 191 194 207 208 212 230 231 243 245 251 255 257 259 262 267 273 283 285 286 296
93 5 30 32 34 37 38 39 40 41 53 56 58 74 100 107 110 112 117 118 119 132 134 161 164 165 168 175 176 184 190 191 193 196 199 200 204 205 208 220 231 235 244 245 247 249 255 261 267 268 271 281 285 287
98 21 32 53 56 58 74 92 100 114 121 128 130 134 138 145 161 162 170 171 176 184 196 198 199 203 204 207 212 217 218 224 239 246 254 259 263 279 280 286 289 290
100 12 17 21 23 39 41 42 47 53 58 62 68 104 110 114 116 121 128 129 134 136 145 158 159 164 168 170 172 177 184 186 187 189 198 212 213 219 223 225 228 229 230 234 238 240 243 249 252 258 261 269 270 272 273 284 296
102 3 31 32 33 43 46 47 53 55 56 74 76 105 112 113 116 122 124 125 127 133 136 137 138 145 146 151 158 160 161 163 164 170 174 176 177 180 184 189 192 196 201 202 205 208 212 217 220 228 230 234 251 255 257 261 266 267 270 271 284 285 289 291 295 296 298 299
103 3 4 7 12 16 18 28 30 33 34 37 39 40 42 44 47 48 62 77 89 92 94 95 96 97 99 106 110 117 120 121 128 132 133 138 139 140 141 144 145 148 149 152 157 162 168 174 179 184 189 190 192 194 198 199 200 204 208 210 221 222 225 229 235 238 241 245 250 251 254 255 261 262 264 268 278 279 280 282 286 290 291 292 295
108 11 14 23 31 37 39 43 46 47 48 50 54 55 62 71 77 83 92 94 96 97 104 115 116 120 122 124 126 127 128 132 134 135 140 144 146 150 156 162 164 170 172 174 180 181 185 189 190 194 196 199 206 208 209 212 213 216 218 219 226 229 230 232 234 238 239 241 246 249 251 253 258 261 264 268 269 273 279 280 284 285 286 288 290 291 293
110 18 31 39 43 48 54 71 74 96 99 101 109 117 123 125 129 130 134 135 137 138 152 156 158 163 165 167 170 173 176 178 179 180 189 194 195 198 205 214 215 219 220 221 222 225 230 254 263 265 267 268 269 275 280 282 285 289 292
122 17 18 30 31 34 38 42 44 47 50 76 77 78 81 94 97 106 107 116 118 119 120 123 126 127 128 132 138 140 146 151 161 164 172 173 178 184 191 199 205 206 207 210 213 215 219 220 222 237 239 243 249 250 255 260 262 263 264 265 268 272 275 276 282 283 284 288 290 291 295 297 299
133 43 44 47 50 53 76 83 97 99 114 120 121 125 129 134 135 145 148 158 159 160 161 164 179 180 198 199 204 207 208 213 227 230 232 234 259 266 268 274 275 279 282 283 284 289 293 298
135 3 4 7 16 18 21 29 33 34 38 39 40 46 54 74 78 94 105 106 112 113 119 123 125 128 130 132 134 137 138 139 141 142 148 150 151 160 167 169 170 172 176 177 178 181 190 194 199 200 203 205 208 209 212 216 218 222 225 228 231 238 244 248 255 256 258 266 268 274 278 285 286 290 291 296 297
138 7 18 23 32 34 36 38 41 48 49 50 53 64 71 76 78 84 104 114 116 117 118 121 123 126 129 132 136 137 139 140 143 148 152 156 157 159 163 164 165 172 173 178 180 181 185 188 189 194 199 200 202 208 213 216 217 218 221 223 228 237 238 244 245 249 253 255 262 265 266 268 273 274 276 277 280 284 285 292 293 296
139 12 18 31 33 36 42 43 46 47 96 104 105 116 121 131 136 137 156 170 175 177 184 187 189 191 198 199 202 211 212 213 218 219 221 234 240 251 254 258 261 266 267 271 273 285 291 292 293 294 297
140 11 16 29 41 50 74 92 116 124 134 142 146 150 152 158 160 163 164 170 173 175 179 180 199 208 210 217 226 235 236 239 241 246 250 254 257 259 261 268 271 273 276 277 287 290 292 296 298 299
141 3 11 17 23 32 37 43 44 47 94 95 96 97 99 104 106 116 119 121 129 132 136 144 146 150 152 153 161 164 173 179 183 191 206 216 218 223 225 236 244 245 246 249 254 258 261 262 273 286 295 296
143 3 4 5 10 12 17 18 37 38 43 47 48 50 61 76 83 97 109 112 119 134 137 144 149 157 158 161 163 169 176 181 197 198 204 207 213 219 221 224 228 246 250 261 263 267 286 296 299
145 3 5 8 11 14 17 23 32 37 38 41 42 43 53 55 56 58 62 66 74 78 81 96 105 106 116 118 121 123 125 128 129 132 142 149 150 152 158 159 161 164 172 177 180 183 185 192 194 196 198 199 202 210 213 216 224 227 234 236 238 242 243 246 248 258 262 267 269 275 277 278 280 282 285 287 296 297 298 299
148 4 5 8 14 17 18 28 29 30 31 33 34 36 39 43 47 48 50 52 55 60 62 64 66 74 79 81 83 89 94 106 111 115 119 121 126 130 131 132 144 150 151 153 155 156 158 161 170 171 173 179 180 181 183 184 186 187 188 196 198 202 207 209 212 216 217 219 222 224 228 230 234 235 236 238 240 243 250 252 253 254 255 256 259 261 266 269 272 273 274 276 284 287 290 293 296
150 5 10 29 30 37 55 64 78 94 99 106 116 127 128 131 132 134 142 144 155 158 163 165 172 173 174 179 182 184 185 191 194 198 199 208 210 211 217 218 219 222 223 225 227 230 234 238 239 247 250 258 261 262 264 266 269 270 273 280 282 291 292 295 298 299
151 34 36 39 43 44 48 53 56 64 71 109 119 120 124 125 134 144 152 162 165 169 170 172 175 178 179 188 189 199 201 208 213 220 224 225 233 238 246 254 257 261 262 267 270 273 276 279 283 285 286 287 295 296 297 298
159 29 31 40 42 47 48 49 53 54 55 56 81 94 95 99 104 109 115 116 119 121 126 128 134 146 149 160 162 165 169 171 172 173 176 178 180 181 182 184 188 189 191 192 193 196 198 199 204 207 217 218 221 224 226 228 231 232 234 235 238 239 245 247 248 253 255 260 261 263 265 266 273 274 281 282 284 285 288 291 295 296 299
160 7 11 16 17 18 23 31 32 34 37 41 46 61 74 83 94 99 107 121 130 136 147 154 161 171 174 175 178 184 185 189 190 194 195 198 205 212 227 228 232 235 244 248 253 254 262 263 265 266 267 271 272 275 280 287 289 291 292 293 296 297
164 8 10 11 21 28 31 32 37 44 48 49 50 55 56 60 62 63 74 78 81 104 107 118 132 137 146 152 154 155 158 161 168 170 173 175 176 178 179 181 184 187 209 210 211 212 222 224 225 229 230 231 233 238 243 269 270 273 280 284 285 289 291 292 295 296 297
167 4 28 31 32 39 41 42 47 49 55 60 66 77 83 89 95 97 118 146 152 154 165 169 175 177 180 189 190 198 199 201 206 214 217 220 222 232 234 235 261 267 273 293 295 297 299
169 4 12 16 23 31 34 36 39 41 42 44 49 52 53 60 63 65 77 81 99 107 109 112 116 127 128 134 142 146 155 161 162 163 165 166 171 175 179 183 188 189 193 194 198 204 205 208 210 212 216 219 229 230 231 235 236 239 241 242 243 251 258 261 262 271 273 278 280 281 285 287 290 294 295 296
170 3 4 12 17 28 29 31 32 33 41 42 44 47 48 54 66 79 92 94 101 104 106 116 119 121 123 124 128 130 142 152 158 162 163 168 174 176 184 188 192 196 199 213 214 223 224 225 233 234 238 239 243 247 251 253 254 255 256 259 261 264 265 270 272 279 280 282 283 286 294
175 8 11 14 17 18 21 29 32 36 37 43 47 54 55 56 63 65 71 74 83 84 94 99 104 106 107 113 116 120 121 123 124 125 132 146 147 162 165 168 173 179 182 196 198 201 202 203 204 205 212 216 225 229 230 234 236 238 244 247 251 254 255 257 259 260 266 268 269 273 284 285 286 290 296 297
176 23 34 42 44 53 55 56 64 81 99 101 105 113 114 115 116 117 123 125 132 134 147 152 153 161 162 168 171 174 177 178 179 182 189 191 193 197 199 201 202 204 205 208 210 213 219 220 226 234 239 242 243 244 246 250 252 254 257 258 259 261 263 265 266 267 271 275 276 278 279 280 289 298
179 3 4 18 28 37 48 55 95 105 106 109 114 124 125 128 130 137 149 152 154 156 158 162 163 178 180 184 192 195 196 198 200 205 206 208 211 213 214 218 219 220 223 225 226 233 236 238 239 241 248 249 251 254 258 265 266 267 270 271 274 275 276 279 281 282 289 290 292
183 11 14 23 37 38 39 46 83 96 105 106 116 117 118 120 123 132 146 153 156 165 168 187 192 199 200 204 212 217 230 234 238 245 247 249 251 256 267 273 275 278 287 289 291 293 297 299
190 4 11 12 18 28 47 53 55 60 78 94 106 109 118 121 123 127 130 142 147 152 155 158 162 163 173 187 192 193 199 206 210 212 214 218 222 225 226 239 243 249 250 254 257 261 266 267 272 276 280 282 283 289 291 293 298
197 16 17 28 44 46 48 50 56 62 66 78 79 94 97 99 116 121 123 125 127 147 149 161 163 166 171 174 184 194 195 199 206 210 212 214 216 219 227 229 230 234 236 243 251 255 258 262 266 273 279 285 291 292 294 297
203 4 11 18 29 31 32 33 39 42 52 58 62 74 89 92 101 111 118 121 132 134 136 147 149 173 178 184 188 191 196 198 202 205 207 208 210 216 222 225 243 246 252 253 254 256 258 261 262 270 273 282 289 292 298
211 28 29 32 41 47 48 49 62 64 66 74 95 104 106 109 114 119 120 125 127 130 137 142 147 152 153 161 180 187 192 193 212 224 236 246 254 261 273 276 287 299
216 4 11 29 37 39 47 53 58 62 65 66 74 76 78 81 84 95 117 120 127 137 147 152 155 157 168 172 174 181 185 192 195 205 207 209 212 218 224 228 230 231 235 236 243 245 253 254 257 258 262 266 269 270 271 277 279 290 292
217 4 16 23 39 41 46 48 49 53 54 55 65 68 77 79 83 94 97 101 104 118 130 136 149 157 165 168 181 187 189 191 198 201 205 208 209 210 230 231 236 244 246 251 258 259 260 262 264 265 267 268 271 273 280 281 287 289 294 297
218 3 11 14 18 29 37 39 41 42 46 50 52 53 54 55 56 58 60 68 74 78 81 96 97 99 101 104 106 109 111 116 118 121 123 130 136 142 144 156 158 165 168 171 172 173 180 181 184 198 201 202 207 208 214 215 219 221 228 229 230 231 233 239 241 243 244 245 246 249 251 252 253 254 255 256 259 260 263 264 265 267 268 270 279 285 286 293 296
224 5 17 23 39 42 44 47 48 55 58 62 63 66 78 84 94 95 96 97 104 106 111 114 121 124 127 128 130 132 136 152 163 172 184 191 193 196 199 207 221 225 226 231 234 236 237 245 246 254 256 258 260 261 268 273 275 278 281 293 296 299
227 12 32 43 48 49 55 56 66 71 114 116 134 161 173 174 184 189 205 208 215 221 222 225 230 245 249 250 255 258 261 266 278 293
234 5 12 14 17 28 29 30 34 38 48 49 53 55 56 61 62 71 76 78 89 96 104 106 123 128 132 136 137 144 149 152 158 162 178 180 189 191 196 210 212 214 225 229 231 232 244 249 250 252 253 255 259 264 265 269 270 272 279 284 286 288 293 294 298 299
235 3 4 18 30 37 38 39 41 44 52 53 55 66 74 95 121 125 152 165 172 184 191 192 209 213 225 229 230 239 250 261 263 269 273 280 285 291 293 295 299
236 8 10 18 29 32 33 36 37 38 39 41 46 48 54 56 79 83 92 96 101 105 106 109 113 115 117 119 124 130 136 146 147 161 163 168 172 173 174 178 180 184 189 192 194 196 200 208 210 212 219 220 221 222 229 230 232 243 246 247 248 252 254 255 271 273 274 276 278 279 286 287 291 293 295 296 297
243 10 30 32 37 39 43 46 48 49 50 53 62 63 68 76 94 96 104 114 124 125 128 129 132 134 136 144 146 152 162 173 180 187 188 196 198 200 209 220 225 228 231 238 244 246 251 256 257 258 262 263 267 270 271 273 278 279 283 285 290 293 295 297 298 299
245 3 4 14 16 28 30 31 43 44 46 47 55 60 79 94 95 99 104 106 109 115 118 124 125 128 146 147 153 156 157 163 165 173 174 182 186 191 192 194 195 196 198 201 212 213 219 220 222 240 249 250 252 255 260 263 267 271 273 276 283 284 285 286 293 296 299
248 40 42 46 54 61 71 105 113 116 118 119 124 127 129 136 149 152 153 155 165 174 187 198 199 204 205 220 223 246 251 253 254 266 272 273 281 284 291 297
254 17 18 21 23 29 30 38 44 46 47 48 50 52 53 54 74 83 84 101 104 105 106 109 113 114 116 120 123 125 134 136 146 161 165 172 173 174 177 180 184 185 187 188 193 196 198 204 206 210 213 214 215 225 226 230 231 240 244 250 252 257 258 259 260 263 264 268 272 273 274 276 278 279 280 286 287 289 290 292 294 295 296
257 3 7 16 17 18 23 28 31 47 48 49 55 89 104 129 132 158 165 166 181 195 196 198 205 207 208 220 229 230 231 233 249 252 253 258 262 263 269 278 279 282 289 296 297
259 11 16 23 30 34 41 42 43 48 55 56 58 77 83 89 101 105 106 109 116 118 121 123 125 132 134 137 142 144 146 155 157 161 173 174 184 186 191 192 193 199 201 205 206 209 212 214 231 255 258 264 268 270 271 272 279 280 289 296 298
262 14 18 29 31 36 39 40 43 48 55 60 64 74 76 89 99 114 118 123 125 127 129 132 146 152 158 161 166 168 172 174 178 182 185 186 187 189 200 204 205 208 215 220 221 225 226 239 244 249 251 255 260 261 263 269 270 284 285 288 289 291 298
263 3 7 12 16 28 29 31 37 43 48 58 92 104 105 106 109 112 113 123 124 125 130 131 132 136 142 149 154 161 162 172 180 196 198 199 205 210 212 222 228 237 239 249 251 256 258 264 265 266 274 275 278 281 285 286 287 291 292 295 296
266 3 8 10 17 18 21 23 28 34 37 41 49 50 54 55 56 62 79 83 84 89 97 114 125 127 134 136 137 146 152 155 163 166 172 173 174 178 180 182 184 188 194 199 202 204 207 209 223 240 241 246 250 251 258 261 275 276 278 279 280 281 282 286 295 296 297
267 3 4 5 14 16 17 18 21 23 29 30 31 34 37 40 42 47 53 55 71 74 78 89 94 95 106 109 111 114 115 116 117 118 123 124 125 126 127 132 137 152 153 156 157 158 163 172 173 174 178 180 181 186 187 189 192 194 196 199 201 204 206 207 210 215 221 223 228 230 231 233 239 242 246 249 250 251 252 253 256 258 260 261 265 270 273 275 277 278 280 282 285 286 287 288 293 296 299
268 14 16 39 43 46 47 50 66 74 94 107 119 129 132 134 137 154 156 161 172 184 187 189 196 204 205 210 214 223 231 237 238 249 252 258 270 271 273 274 285 289 291 292 296
272 10 11 29 33 34 36 38 44 46 48 54 58 64 65 74 78 84 105 106 118 121 124 127 129 134 137 142 146 149 152 155 157 162 163 165 173 174 186 187 188 191 193 194 206 207 208 213 221 226 230 233 241 242 247 251 252 258 265 270 275 276 285 287 289 290 292 293 296 297
284 5 11 16 17 21 32 36 40 42 44 46 47 53 55 74 77 79 83 95 101 117 124 136 137 152 168 174 184 189 193 199 201 204 215 226 233 249 253 261 278 285 286 288 292 295 296 297
286 3 5 17 18 23 28 29 32 34 39 41 43 44 46 53 55 58 61 62 66 74 76 78 79 84 97 101 106 109 111 114 116 117 123 125 134 152 157 163 166 168 171 173 174 180 185 186 188 189 198 199 200 201 205 210 212 215 220 222 225 226 230 233 238 239 241 246 250 255 256 258 260 261 270 271 276 280 282 285 287 289 290 291 292 297
292 8 11 28 30 33 40 43 53 54 55 62 68 77 78 83 104 106 111 120 121 124 128 129 131 144 146 155 157 158 162 165 168 173 184 189 192 193 198 207 208 219 222 239 241 251 252 253 269 276 279 280 283 285 288 289 290 296 299
295 3 4 8 10 11 14 16 30 31 32 47 48 53 56 58 60 61 66 74 77 79 81 83 84 89 94 95 99 104 106 109 114 116 118 119 121 124 125 126 127 128 136 137 144 147 152 155 158 181 187 188 189 192 193 195 196 198 199 201 202 204 209 213 222 223 226 233 238 242 244 246 252 255 261 265 269 273 275 279 285 288 289 290 296 297 298 299
296 8 14 18 29 31 33 34 39 42 43 50 54 62 68 77 95 97 104 109 116 117 120 121 125 126 128 129 130 134 136 137 144 149 152 156 173 174 178 180 182 184 188 189 191 194 196 199 202 212 214 220 221 231 237 238 239 240 249 250 260 264 265 269 270 274 285 287 288 289 291 297 298 299
298 8 12 16 17 23 28 30 31 37 39 42 44 61 63 68 74 77 78 79 84 89 95 101 104 105 113 114 116 121 125 127 132 136 146 147 152 156 158 161 162 166 168 173 180 181 189 191 192 199 208 212 222 225 231 241 242 249 252 260 265 273 275 276 279 282 283 285 287 289 291 297 299
3 4 18 34 40 48 56 58 61 62 68 74 81 89 92 94 99 111 116 121 124 128 129 132 134 162 166 168 181 182 187 188 193 207 231 237 238 255 261 270 271 281 283 285 287 291 293
5 17 38 40 44 48 53 62 65 78 96 106 109 123 144 184 212 222 230 239 249 250 251 258 261 273 275 276
10 28 29 47 55 56 95 109 116 118 121 125 158 195 196 205 208 213 228 231 244 246 269 270 280 290
21 23 56 71 77 118 124 155 158 168 177 213 220 221 226 250 279 285 290 291
29 36 39 40 42 44 58 64 74 76 81 92 95 97 99 104 105 115 121 128 132 136 153 155 161 165 172 177 188 189 191 192 194 199 202 204 214 219 221 230 232 238 244 252 260 264 265 281 282 297
39 11 32 36 37 38 42 43 47 55 58 65 66 74 78 83 96 101 106 109 115 117 120 121 124 128 130 137 142 144 154 155 162 171 172 173 182 184 185 187 191 204 207 209 210 213 214 219 220 221 225 237 238 246 249 258 265 269 270 275 276 278 280 281 285 290 294
40 4 43 53 62 79 94 101 116 129 132 136 142 172 189 196 210 238 246 249 255 261 271 289
41 4 11 30 31 32 34 50 53 65 66 95 96 99 113 127 128 129 130 136 152 161 166 191 200 209 210 222 229 230 246 249 250 255 274 276 277 281 283 285 289
42 11 17 18 28 31 36 43 44 46 48 56 58 60 63 68 77 83 84 89 116 118 124 127 130 132 144 155 158 168 171 172 180 186 187 188 191 192 194 202 208 212 213 214 222 223 225 232 247 249 250 253 265 270 271 274 276 279 282 289 291 293 294
44 11 31 36 48 49 66 74 77 84 94 97 99 106 114 118 119 121 125 129 130 131 136 144 153 155 158 161 171 174 185 192 195 196 201 202 205 208 209 230 233 242 250 252 256 260 264 271 273 274 275 276 285 287 288
49 17 18 31 43 53 55 79 83 109 113 118 126 127 152 166 189 204 212 240 258 260 261 273 274
52 8 30 32 36 38 43 46 47 48 60 76 81 95 97 104 105 123 124 126 129 130 147 180 204 205 210 212 213 221 237 239 246 249 250 253 269 273 279 280 294
55 7 8 17 28 36 43 53 68 74 81 83 94 97 104 106 119 126 127 132 134 136 137 146 147 156 161 163 166 174 178 180 181 182 187 189 192 196 204 206 207 209 210 213 219 226 231 232 233 237 238 239 242 246 251 261 271 274 280 285 291 293 294 297 299
56 17 23 28 32 36 37 38 46 66 76 77 84 89 97 104 107 113 116 119 121 124 127 146 152 155 157 158 161 163 173 184 189 191 192 195 208 228 232 246 249 251 252 253 256 261 270 271 275 278 280 288 289 299
58 8 17 31 32 37 48 53 62 64 66 77 79 104 106 118 120 121 123 127 128 144 146 154 155 156 158 161 178 181 187 193 195 199 204 205 207 208 209 220 232 240 241 247 249 252 253 255 277 278 279 280 282 289 290 291
62 11 18 28 30 31 36 37 38 47 48 66 89 92 94 96 97 101 104 113 114 117 118 127 136 154 158 163 171 172 174 187 204 208 222 225 226 229 231 233 238 242 246 249 250 253 255 258 265 278 279 281 290 293 297 299
68 47 74 129 158 205 220 238 244 250 261 273
71 31 32 37 48 50 74 96 113 116 119 130 156 161 173 189 192 199 215 223 230 233 255 258 261 270 279 290
77 11 17 18 36 37 60 65 78 104 106 109 123 126 131 144 155 178 180 189 195 196 205 210 213 219 221 225 238 244 253 261 279 288 299
78 16 23 28 36 37 47 60 63 65 97 114 128 134 137 144 152 154 155 158 174 184 185 189 191 194 196 198 199 200 201 207 210 219 226 231 233 238 239 242 244 249 251 258 260 271 279 285 287 288 289 291 293 297
96 4 11 17 30 38 43 48 89 92 97 101 105 106 119 125 126 129 130 134 136 152 157 158 173 180 187 189 198 205 209 222 230 253 260 275
97 8 11 16 18 23 31 32 34 37 43 47 48 64 66 95 99 107 109 118 120 124 125 130 132 152 154 162 165 171 172 173 182 184 188 189 193 196 204 205 207 208 209 220 221 226 230 233 241 246 250 251 253 258 261 265 281 287 289 293
99 14 17 18 32 74 81 94 95 105 107 119 121 125 126 127 128 132 136 137 146 149 152 173 177 178 180 195 199 207 209 231 239 246 258 261 273 276 289
104 11 18 23 28 43 48 50 74 76 79 95 101 106 109 113 114 115 116 119 123 124 125 126 130 137 155 158 162 166 171 173 177 180 184 185 186 187 188 189 194 196 199 205 208 210 214 228 238 241 249 250 258 270 273 276 281 283 289 290 297
105 30 31 48 74 79 81 109 114 119 124 125 127 131 132 134 144 146 152 158 165 173 174 181 191 195 202 205 206 207 210 213 219 225 230 233 240 250 280 283 289 290 291
112 17 18 50 83 114 118 125 132 158 162 200 204 208 220 249 252 258 274 275 279 285
114 4 18 28 34 43 46 47 64 76 89 95 106 113 118 121 123 124 126 128 132 154 155 173 184 187 189 191 194 196 198 199 212 225 230 238 240 247 249 251 274 279 287 288
117 37 43 46 47 63 95 106 109 127 128 137 155 158 165 173 178 189 193 196 204 208 219 225 233 238 239 244 256 258 261 270 276 287
120 4 11 16 18 50 79 89 111 116 121 123 130 137 142 155 158 181 198 201 205 214 215 225 228 238 246 249 250 258 261 270 275 279 288 289 297 299
121 18 23 28 32 34 37 48 66 81 83 84 89 95 106 109 111 119 129 132 134 137 142 144 146 155 163 172 173 181 184 188 189 191 199 200 207 238 241 249 250 258 260 265 273 278 279 287 290 297 299
123 4 14 17 28 30 37 38 43 47 48 50 53 54 76 94 109 111 113 119 136 149 152 165 180 185 189 191 198 199 204 207 210 219 220 221 226 237 239 241 246 249 256 258 270 271 273 279 283 285 287 289 290 299
124 11 16 31 32 34 36 43 47 54 64 76 95 106 111 116 118 125 127 128 131 136 137 149 156 157 158 165 166 174 181 184 188 191 195 200 201 212 214 222 225 230 240 249 250 261 264 265 270 274 278 290 294
132 7 28 32 38 43 48 64 66 79 113 128 129 131 136 137 157 158 162 163 173 181 185 187 188 189 191 194 195 196 199 204 207 208 220 225 226 231 232 233 244 246 249 250 253 256 258 269 270 274 279 282 283 285 287 290 291 294 299
136 4 17 18 28 31 32 34 37 46 60 81 109 111 113 115 125 130 134 147 152 155 156 158 181 188 191 194 196 199 202 204 207 215 220 226 238 244 251 255 261 269 273 276 279 288
144 8 14 17 28 30 37 43 53 54 61 76 83 107 118 127 134 149 154 162 181 188 191 192 198 205 206 225 239 240 250 253 258 275 285 287 289 299
146 16 17 28 32 46 47 50 74 94 109 118 125 126 128 134 153 156 157 177 189 193 194 204 205 208 209 213 231 233 246 250 255 261 273 276
147 134 155 156 157 158 165 238 256 261 269 277
149 17 50 65 84 109 125 130 131 137 163 165 184 189 191 199 201 204 206 220 228 233 238 246 251 271 282 290 297
152 7 11 18 28 30 48 53 54 60 64 79 83 84 95 109 111 119 125 130 142 153 154 158 165 172 174 178 188 192 193 196 204 215 219 220 221 225 228 233 244 246 247 249 250 251 260 261 264 265 271 273 275 276 279 288 290 291 293 294 297 299
153 11 23 31 32 37 61 113 115 127 142 158 171 189 191 208 210 214 220 222 229 231 232 239 246 249 251 256 269 288 293
154 11 34 43 66 76 125 137 173 178 189 192 200 205 208 212 219 220 222 246 255 264 290
163 8 11 18 31 32 37 60 74 76 81 115 119 134 162 165 166 172 173 174 180 184 185 187 191 194 195 199 201 204 208 210 222 225 239 246 249 250 252 255 270 275 276 280 282 283 290 297
178 4 11 14 17 28 30 31 47 50 60 76 81 92 109 113 118 125 127 128 130 158 172 173 181 184 187 191 194 196 199 206 208 209 212 213 214 219 223 226 238 239 242 255 256 264 269 271 276 280 285 287 288 291 299
181 4 16 18 28 31 32 34 37 38 43 46 74 107 115 119 128 130 134 158 161 168 171 173 174 187 191 192 193 194 198 215 226 231 239 246 251 256 261 265 269 276 280 282 288 290
184 32 37 43 53 74 76 84 94 115 118 130 155 156 161 162 172 173 180 191 192 198 200 204 214 220 223 225 229 230 239 240 250 251 253 260 271 273 280 289 299
187 11 14 18 31 43 46 53 54 64 83 89 101 111 116 119 126 127 128 129 134 161 162 171 180 189 194 196 199 206 212 213 220 226 228 239 241 244 246 247 251 255 256 258 269 270 277 281 285 289 290 293 294
189 4 7 8 11 12 17 30 31 32 33 36 37 54 66 74 79 101 109 113 128 137 155 158 173 174 177 194 199 205 208 212 214 228 230 233 240 241 246 249 250 255 258 260 273 276 277 278 280 282 285 288 289 290 291 294 297
193 23 32 33 50 74 118 137 162 188 204 222 230 239 251 274 285 287 289 290
194 31 38 46 47 79 101 126 162 166 198 200 202 225 249 270 290
198 8 17 18 32 34 37 47 48 50 60 61 81 95 106 109 118 129 137 157 158 171 174 177 185 191 192 200 204 205 214 219 238 244 253 258 269 280 282 287 291 293 297 299
199 12 16 17 23 30 32 47 50 60 64 66 83 101 116 118 125 130 131 155 158 166 173 191 200 204 205 212 219 220 221 222 237 238 239 242 244 249 251 252 255 275 276 279 289
200 11 17 37 46 48 125 142 162 173 191 204 205 219 223 230 244 246 271 274 279 280 290
214 7 16 43 47 50 63 92 95 119 130 131 157 158 168 173 192 196 206 207 210 212 213 215 220 222 238 239 244 256 261 269 276 279 291
215 48 115 116 177 180 185 202 209 229 230 231 246 250 251 255 258 275 277
233 7 11 18 37 74 107 113 119 126 134 161 162 173 182 221 231 249 252 253 255 285
237 11 28 34 36 38 74 89 116 134 161 173 204 205 210 222 225 226 230 246 255 273 299
238 4 14 18 23 30 33 34 37 38 43 46 47 48 53 54 63 66 79 81 92 101 109 115 118 119 129 134 137 157 165 166 171 172 182 185 188 191 192 195 196 213 221 222 223 225 240 244 246 250 255 271 276 281 287 288 297 299
242 4 18 23 53 66 89 95 101 107 116 134 161 162 171 192 212 219 230 250 252 255 293 297
250 7 17 18 33 34 36 43 46 47 48 53 60 61 64 74 81 84 95 106 109 129 137 155 161 172 185 188 195 201 204 208 229 231 239 255 264 269 270 273 277 280 282 283 285 293
251 4 7 8 12 14 23 31 32 36 38 43 48 54 60 65 74 79 81 94 95 118 128 157 158 173 174 182 192 207 210 212 213 220 221 222 244 249 252 258 260 261 265 276 278 280 283 287 289
258 14 16 32 33 36 37 48 53 54 61 92 95 107 111 116 118 125 126 128 129 130 155 157 162 168 171 174 180 182 185 205 206 208 209 219 221 230 231 246 249 253 255 261 264 265 269 271 275 288 289
260 11 17 18 28 34 36 43 47 65 84 107 116 125 126 142 155 168 185 207 222 246 255 261 278 282 291
264 30 43 74 76 106 115 172 174 177 180 205 225 239 273 278 282 297
269 11 14 18 38 43 46 48 53 54 61 95 109 113 116 118 130 142 165 166 173 188 191 196 204 205 208 212 213 222 223 230 239 244 270 276 280 289 290 293
270 14 18 38 43 47 48 53 61 92 106 113 115 119 130 131 134 142 155 158 166 177 180 191 192 204 208 212 219 222 225 230 240 241 246 247 253 265 274 276 278 280 287 291 299
273 4 8 12 17 18 34 43 47 48 53 54 61 63 64 95 109 118 155 156 157 165 172 180 192 201 202 205 206 207 208 212 219 220 225 226 228 230 241 249 252 253 265 274 277 279 280 283 285 293
279 18 34 37 43 47 48 53 54 66 74 76 79 81 83 89 109 113 115 119 134 142 155 158 161 172 185 191 196 204 205 209 213 226 230 239 240 249 252 256 265 271 276 277 278 285 287 297 299
285 8 12 28 30 32 38 47 60 76 92 101 109 127 128 130 134 156 157 161 173 196 201 202 205 209 219 220 221 223 226 230 232 240 265 271 276 280 287 297 299
289 18 23 32 33 37 38 46 47 50 54 61 79 83 101 115 116 119 127 128 131 134 137 155 157 165 168 172 173 174 177 180 185 192 195 196 201 207 213 223 225 229 230 232 240 261 271 275 276 280 282 288 291
290 11 23 33 38 43 50 53 64 65 76 83 95 101 111 119 125 128 129 158 171 172 182 191 192 196 207 208 209 212 220 229 232 241 244 247 271 275 281 282 287 291
8 38 65 95 111 118 125 127 161 172 177 207 219 280 299
18 11 17 23 28 30 47 48 63 66 74 84 107 111 113 119 125 126 128 129 155 157 165 173 177 202 204 207 208 209 210 212 219 225 239 241 249 255 265 271 275 276 282 283 287 291 293 294 297
31 4 11 14 17 33 43 48 50 61 74 81 92 115 118 128 129 131 157 161 162 171 202 207 208 212 221 226 228 230 232 239 246 252 293 297
38 11 14 17 37 53 60 65 81 109 116 142 158 161 171 180 195 204 205 207 208 226 239 253 280 297
66 7 11 16 17 33 64 74 107 118 119 134 137 156 157 161 165 192 202 206 208 222 230 231 253 271 280 293 299
79 30 46 83 95 126 130 142 156 161 166 172 173 174 180 192 204 206 212 220 221 230 244 261 297
89 4 28 48 64 83 106 116 118 125 128 137 155 161 171 173 182 186 188 207 220 222 223 231 246 278 297
107 17 83 118 128 129 142 157 158 161 171 191 195 205 208 213 222 241 244 247 274
109 11 36 48 61 74 83 115 134 142 155 158 161 195 196 202 207 208 209 212 230 239 252 271 274 276 280 291 297
158 4 11 14 34 36 37 46 48 63 84 95 106 118 127 128 137 142 156 161 162 171 180 182 186 191 192 196 202 204 207 208 210 213 221 222 223 225 229 239 241 244 246 247 249 255 271 275 278 280 293 297 299
174 11 48 50 53 54 65 74 129 130 137 168 196 202 205 208 220 221 222 231 239 244 255 261 265 274 275 281 293 297
191 4 11 32 36 46 61 63 81 92 113 128 130 131 161 162 165 171 177 180 186 196 207 209 212 213 219 220 229 232 239 244 253 256 265 271 274 275 282 287 293 297
196 4 7 12 14 17 23 33 36 47 48 50 54 61 74 81 94 95 106 116 129 142 165 171 173 180 204 208 212 219 220 246 247 249 253 261 271 274 282 291 294 297
201 11 16 32 37 43 50 92 106 111 127 134 165 195 205 221 244 256 280
208 4 16 30 32 37 47 48 50 53 76 83 84 113 119 125 127 128 130 165 166 171 172 173 185 195 220 221 225 230 241 246 249 265 271 280 281 282 288 291 294 299
213 33 37 46 48 50 81 84 94 106 118 134 155 157 165 171 192 209 210 212 222 244 252 253 256 271 294 297
225 4 7 11 17 32 47 60 61 63 76 84 94 118 128 129 130 157 171 173 185 192 204 206 210 230 239 241 244 261 278 287 291 293 297
230 4 11 12 14 23 43 46 50 64 74 76 84 116 137 162 165 171 177 195 204 206 207 209 212 219 220 226 231 239 244 249 253 255 261 276 277 283
246 4 7 33 36 37 46 53 65 76 81 83 92 95 126 127 155 156 161 171 172 180 186 195 205 206 207 209 219 222 229 231 232 244 249 253 261 275 278 282 294 297
249 11 12 17 23 30 32 33 36 37 43 46 47 48 53 60 63 64 81 83 128 131 134 155 162 166 173 185 188 195 207 212 223 226 228 229 232 239 252 256 261 277 283 287 294 297
253 4 16 37 48 111 162 166 171 173 188 192 204 206 212 221 222 241 255 280
291 4 7 37 43 54 63 65 92 106 118 125 130 134 157 166 192 204 229 275 288 299
4 11 28 32 46 50 53 63 81 84 92 94 101 113 116 119 127 137 165 173 188 204 205 207 210 212 226 228 241 271 276 287
34 11 12 17 47 48 60 81 92 106 116 119 128 161 162 171 204 219 223 244 247 252 255 274 277 293
48 12 17 32 36 53 61 76 92 101 106 113 118 125 127 128 129 134 155 171 173 177 180 188 206 219 223 229 241 244 247 265 282
61 47 53 74 95 118 165 173 185 205 206 212 239 275 282 287 288 293 294
74 11 17 23 30 37 46 47 53 63 65 76 94 101 111 119 128 130 165 166 168 171 173 177 180 182 192 204 209 212 223 229 241 247 261 271 278 281 282 283 287 297
81 37 83 115 116 134 161 171 185 210 288
92 23 43 46 101 137 162 219 228 271 276 282
94 12 50 106 134 137 165 171 206 210 219 244 283 287 288 297 299
111 23 37 43 53 83 130 137 157 222 282
116 16 53 54 118 126 131 142 162 171 173 205 207 210 212 222 226 247 252 255 261 274 280 283
128 30 47 50 53 83 101 106 127 142 155 162 165 168 172 173 180 185 192 207 210 219 220 239 241 261 281
129 23 33 36 37 47 60 101 119 125 142 155 162 205 210 221 244 255 283 297
134 36 37 43 46 47 54 60 65 84 95 106 119 125 126 137 142 162 168 180 188 192 202 204 207 210 220 226 228 252 256 275 297
162 7 12 14 16 37 43 50 53 76 95 101 118 125 142 155 171 173 180 192 195 204 207 223 226 239 244 282 294 299
166 11 43 53 155 195 212 252 271 275
168 11 43 50 53 155 156 161 210 222 231 241 261 271 280
182 43 46 125 130 173 206 226
188 11 14 23 30 32 43 46 47 53 65 76 118 180 195 204 220 222 232 261 276 280 287
207 30 37 47 50 53 64 83 84 101 106 125 161 165 172 180 192 204 209 212 222 226 228 229 231 239 240 247 255 256 271 275 276 278
231 7 23 37 43 50 60 84 130 156 161 186 205 210 222 256 276 278 280 281 297
255 11 14 17 43 47 76 83 84 106 115 130 142 155 165 204 205 210 219 220 223 229 239 244 247 252 261 265 274 280 297 299
261 7 14 23 28 30 37 46 47 60 65 83 125 131 155 171 173 177 185 186 204 205 244 247 265 274 278 280 281 282 297
271 7 23 28 36 47 83 125 127 137 156 165 192 195 205 219 222 226 252 276 280 282 287 297 299
281 16 43 106 126 127 161 180 222 229 252 293
283 64 84 125 127 130 210 220 228 239 297
287 17 23 37 43 83 84 101 130 180 192 209 212 239 240 241 256 276 288
293 17 28 32 46 54 60 101 113 142 161 165 172 192 252 278 280
11 12 30 36 37 47 54 63 84 101 106 115 125 130 165 171 173 204 212 219 221 223 280
28 7 12 33 37 47 50 83 95 106 119 125 126 130 157 222 229 232 239 278
32 17 23 46 47 113 119 125 130 171 177 205 212 221 228 240 247 265 275 278 282
46 17 23 43 47 50 84 113 137 165 171 177 210 232 239 244
50 54 64 65 76 83 84 101 115 125 126 130 137 156 161 171 173 192 204 209 219 226 239 241 244 275
53 7 16 23 47 63 84 95 115 118 125 155 165 172 180 195 204 206 219 220 222 232 241 247 256 274 276 277 280 282 299
63 14 23 36 76 127 155 173 244 280 282 297
84 23 47 171 173 252 276 282
101 12 17 30 43 106 118 125 126 142 155 171 173 180 202 204 212 220 226 239 247 276 282 299
113 16 37 60 127 130 161 205 226 244 282
119 23 36 43 47 60 125 126 177 195 204 205 219 221 223 226 232 239 244 256 276 278 288
127 17 36 37 155 165 297
137 17 30 36 47 95 106 125 157 171 204 206 209 223 239 244 247 252 274 288
165 23 30 33 43 54 64 130 156 173 202 204 212 221 222 226 244 275 277 282 297 299
173 16 23 30 37 47 60 118 156 171 180 205 206 219 223 247 275 299
204 14 16 37 47 64 65 76 83 95 106 118 125 126 131 155 161 180 186 192 205 212 219 221 222 228 244 265 276 277 299
205 30 37 43 47 60 65 76 125 131 155 161 180 185 192 202 206 219 222 223 244 265 276 278 280
210 47 54 106 206 226 239 288
212 12 36 54 60 83 125 155 161 180 192 195 206 252 265 274 275 276 288 297
226 47 76 83 95 106 131 222 244 297
228 37 118 155 219 222 232 247 256
241 12 17 23 47 54 265 280 282 297
276 14 36 37 54 64 95 106 156 171 177 192 202 219 244 297
17 14 16 30 36 83 106 115 118 125 130 156 172 180 185 192 209 220 229 256 278 280 299
65 23 30 47 54 60 125 192 219 222 240 265
106 7 12 23 37 54 83 118 125 130 157 161 171 177 192 209 222 240 252 256 265 275 277 297
222 12 16 23 37 83 125 155 156 161 171 185 202 221 223 232 239 252 274 282 299
239 33 37 83 118 172 219 240 244 275 282 297
275 23 60 76 118 125 171 177 180 192 202 252 256 265 297 299
7 95 157 172 177 221 282
16 14 23 30 33 118 155 180 192 202 219 265 278 280 297
37 14 23 30 43 47 60 95 118 125 155 157 177 185 186 220 247 252 280 282 299
47 30 36 54 125 172 186 192 219 220 229 247 282 297 299
54 14 23 60 118 125 130 155 172 180 206 219 220 223 265 277 278 299
60 33 36 95 195 244 256 274 280 288 294 299
125 14 23 43 83 95 130 142 156 171 180 185 186 192 195 220 247 278
172 23 43 130 157 161 192 219 274 297
221 23 76 95 118 155 157 185 192 195 209 244 277 288
232 14 23 118 280
274 23 95 185 280 282
278 12 14 95 115 130 155 171 192 195 244 294 299
282 12 33 36 126 155 171 177 185 229 240 280
95 23 131 161 195 223 244
157 23 30 64 118 161 185 202 252
177 14 23 30 76 126 142 219 288
118 14 36 76 202 252 256 299
161 33 126 171 219 229 247 252
219 30 76 171 186 220 297 299
280 12 14 23 76 126 155 171 180 185 186 192 195 265 277
299 30 43 130 171 244 277
23 14 36 43 64 83 155 185 206 265 288 297
30 130 142 192 229 252 297
185 155
192 43 76 156 195 229 240 252 297
206 64 76 180 195 220 265 297
223 33 76 195 202
244 14 36 43 83 131 186 195 240 252 265 297
195 76 130 252 297
12 126 180 229 265
36 43 155 171 186
115 155 171 220
130 83 220 240 265 277 297
171 180 288
126 64 142 155 186
180 240 265 288
229 155 252
265 64 83 131 209 288
14 43 83 155 202
43 33 76 142 155 156 247 297
83 64 155 247 256
155 256 294 297
202 186 240 297
252 64 288
297 64 131 209 294
33 76
156 256
209
220 294
256
294
76
277
186
64
288 240
247
131
142
240
