#C:\Users\sakroger\Desktop\k-core\git_code\code\formater.py
# GMT Sun Jan 17 05:23:49 2021
# 
0 1 2 3 4 5 6
1 3 5 6
2 4 5 7
3 5 8 9 10 11 12 13 14 15 16 17 18 19 20 21 22 23 24 25 26 27
4 5 6 28 29 30 31
5 6 7
6 7 10 12 18 22 25 29
7 14 30 58 71 85
8 9 10 11 12 13 14 20 21 22 23 24 26 27 32 33 35 37 40 41 42 43 44 45 46
9 11 12 14 20 24 27 41 45 47 48 49 50 51 52
10 11 12 15 16 19 21 33 35 37 38 39 55
11 12 13 14 17 20 21 22 26 27 29 45 47 50 56
12 13 14 15 17 18 23 24 32 33 36 38 39 40 41 44 46 47 54 55
13 17 29 32 40 42 43 44 47 57
14 25 26 58
15 16 55
16
17 47
18
19 55 56 77
20 24 40 48 49 53 57
21 23
22 25 40 52
23 27 32 33 47 54
24 26 40 47 53
25 40
26 40 45 47 53
27 40 41 47 54
28 66 72
29
30 31 58 66 67 70 73 74 75 76 77 79 80 82 83 84 86 93 99
31 49 73 74 75 76 77 78 82 91
58 49 50 51 52 64 65 68 69 77 85
71 68 70 72 73 74 75 76 77 78 79 80 81 82 83
85 65 66 72
32 33
33 37 38 39 47
35 34 36 37 38 39 40 43 44
37 34 38 47
40 39 41 42 44 45 47 53 54
41 36 47 54
42 39 43 47
43 56
44
45 47
46 47 102
47 36 54
48 49 57
49 57 72 76
50
51 52 64 65 69
52 64
38 34 39
39 34
55
56 57
36 34
54
57
77 75 76
53 76
66 64 67 70 72 73 74 76 80 84 86 88 89 90 93 96 97 99 100
72 70 73 74 75 76 78 79 80 82 84 86 87 88 89 90 91 92
67 64 65 103 104
70 64 75 90
73 74 75 82 83 84 86 89 92 93 94 95 96 97 98 99 100
74 75 78 79 82 84 87 88 91 98 99
75 76 78 79 82 83 84 91 92
76 82 83 84 86
79 84 91 100
80
82 84
83 84 87 100
84 60 62 81 86 87 88 89 94 96 97 99 100 101
86 60 61 81 89 93 97 100 101
93 94 99 102
99 59 60 62 63 90 100
78
91 90 98 100
34
102 94 95
64 65 68 69
65 68 69
69 104
68
59 60 61 62 63
60 62 63
61 95 101
62 63 100
63
95 94
101 94 100
100 96 98
88 89
89
90
96 94 97
97 81
103 104
104
81
87 98
92
94
98
