#C:\Users\sakroger\Desktop\k-core\git_code\code\test.py
# GMT Thu Jan  7 07:25:24 2021
# 
0 28 56 76 85 92 104 124
1 49 67 128 148
2 18 71 83
3 35 55 111
4 107
5 6 76 132
6 13
7 75 77 87 95 138
8 105
9 86 87
10 44 53 65 72 141
11 37 65 125 126 132
12 81 97 137
13 93 112 115
14 15 122
15 21 30 46 72 114
16 21 24 42 126
17 28 51 61 75 89
18 20 38 72 74
19 21 53 62 97 127
20 40 47 128
21 48 67
22 38 102 103
23 67
24 80 81 99 110
25 32 78 120
26 72 76 112 126 128 143
27 68
28 101 103 112
29
30 71
31 60 100 103 113
32 108 119 142
33 79
34 43 47 136
35 63 65 92 117
36 40 140
37 52 132
38 114 131
39 51 74 90 117 118 122
40
41 119
42 64 118 122
43 88 123 126 133 140
44 58 101 131
45
46 55 70 116
47 57 120 141 149
48 129 133
49 97
50 54 78 145
51 88
52 82
53 69 119
54 125 144
55
56
57 80 98 119 128
58
59 87 96 119 141
60 75 131 136
61
62
63 81 91 109 128
64 96
65 98 107 132 143
66 67
67 96 98
68 87
69 70 72 90
70
71 145
72 83 136
73 96
74 91 101 126
75 109 132 139
76 105 110
77 118 124
78 80
79 93
80 137
81 105 108 144
82 144
83 105 107
84 105
85 86 116 146
86 143
87 118
88 149
89
90
91 98 99 116
92
93 121 147
94 133
95 118
96
97
98
99 110
100
101
102 107 115 142
103 136
104 139
105
106
107
108
109
110
111 115
112 119
113
114
115
116 134
117
118
119
120 122
121 126 145
122 134
123
124 128
125 128 130 149
126
127
128
129
130 139
131
132 147
133
134
135
136
137
138
139
140
141
142
143
144
145
146
147
148
149
