#C:\Users\sakroger\Desktop\k-core\git_code\code\test.py
# GMT Thu Jan  7 07:25:24 2021
# 
0 95 290 431 433
1 9
2 103 330 382 425 512 527
3
4 360 361 425 434 488
5 145 289 504 548
6 202 387 523 552
7 149 168 311 423
8 107
9 159 476
10 181 421
11 47 53 298 343
12 52 178 344
13 508
14 127 130 340 540
15
16 111 127 170 543 550
17 84 429
18 239 293 355 492
19 307 507 597
20
21 341 379 497 550 584
22 111 148 327 334 563
23 81 111 599
24 434
25 542
26 366 457
27 207 223 385 570 584
28 162 300 345
29 408
30 464 545
31 92 489
32 203 242 322 374 548
33 469
34 108 273 327
35 131 381 494 585
36 113 144 267 318 541
37
38 70 385
39 75 150 171 590
40
41
42 82 393
43 71 273
44 54 119 546
45 236 520 563
46 497 583
47
48 68 498 502 549
49 524
50 92 493 505
51 237 280 369
52 130 467 490
53 218 462
54 320 475 507
55
56 156 197 366 544 576
57 219 245 340 568
58 119 388
59 299
60 185 271 536
61 196 251 500 550 591 597
62 70 154 391
63 166 174 428 529
64 118 489
65 70 133 226 276 328 444 460
66 128 191 312 473
67 272 579
68 150 191 240 245 469 499 573
69 506 583 587
70 78 416 560
71 358 553
72 189 326
73 175 188
74 81 265 364 370 530 581
75 577
76 279 348
77 220 283
78 99 116 347 377
79 246
80 84 408 459 486 545 555 576
81 98 304 312
82 361
83
84 239 426 467
85 385 474 517 551
86 480
87 112 140 290
88 166 272 555
89 141 324 325
90 352
91 117
92
93 356 522
94 194
95 125 550
96 244 454
97 397 563
98 206 488
99 114 354 476 581 584 598
100 118 498 537
101 125 175 268 321
102 290
103 110
104 284 533
105 180 330
106
107 288
108
109 226 577
110 243 522 533
111 581
112 156 258 355
113 137 200 203 399
114 120
115 329 382 476 542
116 267 466 478
117 352 453 505
118 230 337 451 486 536 597
119 183 488
120
121 203 473
122 181 261 401
123 177 364
124 287 327 489 569
125 145 394 488 573
126 182 581
127 239 341 506
128 228 240 283 333
129 585
130 497
131 274 553
132 208 576
133 330 552 596
134
135 229 301 352 370 421 426
136 425 593
137 230 451 456 505 552 596
138 516 555
139 298 350
140 187
141 147 212 418
142 297
143 324 566
144 205 552
145 262 323 385 438
146 156
147 182 293 321 323 496 548
148 426
149 224 429 449
150 343 389 479
151 246 353
152 200 598
153 491 545 555
154 308 387 563
155 345 503
156 202 217 247 274
157 222 331 451 532
158 408
159 264 289 351
160 201 246
161 214 272 354 384 386 475 585 598
162 397 561 572
163 287 480 528 595
164 270 360 586
165 426 469
166 308 462
167 255 304 394 403
168 330 432 565
169 491 498 534
170 290 419
171 361 383 568 584
172 223
173 234 403
174 490
175 470
176 188 247 327 498
177 181 522
178 358
179 587
180
181 193
182
183 235 506 520
184 284 363
185 547
186 313
187
188 277
189 380
190 262 584
191 353 493
192 246 487 531
193 317
194 389 426
195 460
196 545
197
198 311 325 536
199 288
200 279 295 402 471
201 556
202 300 345 527
203 375 557
204 342 501
205 557
206 309 561
207 271 339
208 378 542
209 346
210 216 343 380 388 428
211 213
212 370 379
213 219 496 500
214 465
215 263 352 407
216 521
217 390 397
218 261
219 224 297
220
221 231 256 297 455
222
223 551
224 232
225
226 584
227 235 277 500 572
228
229 317 439
230
231
232 324 399 497 520
233 491 550
234 311 430 524 530
235 566
236 237
237 337 349
238 254 318 452
239 247 291 458
240 252 404
241 593
242 280 283 299 415
243 590
244 298 501
245 250 299 513
246 398 442 459 480 488
247 309
248 498 513
249
250 254 321 396
251 365 427 435 472 549
252 424 589
253 460
254 343 428 456 579
255 508 543 563
256 305 337 341 501
257
258
259 402 520
260 337
261
262 308 420
263 475 583
264 514
265 434 510
266 408
267 318
268 348 435 491 514 538
269 322 366
270 346 578
271 505 543
272 437 466
273
274 335 552
275 307 407
276 296 452
277 314 348 406
278 430 572
279 520 559
280 352 396 454
281 369
282 547
283 296
284
285
286 327 575
287 329 398 438
288 343 494
289 332 376 491 551
290
291 401
292
293
294 386 432
295 473 545
296 382 402 471
297 425 530
298 486 526
299 354
300
301 320 462
302 327
303
304 436 451
305 522 577
306 419 523
307 366 476
308 316 378 384 494 547
309 495
310
311 346 422
312 334 415 558
313 540
314 525 562 591
315 450
316 439
317 410 568 584
318
319 585 598
320 353 371 401
321 567
322 346 386
323
324 413
325
326 348
327 408 460 596
328 335
329 505 585
330 546
331
332 411 413
333 468 533
334
335 387 458 465
336
337 588
338 477
339 495
340 506 596
341 345 505 591
342
343 364 495
344 458
345 382 583
346 442 476 575
347 424
348
349 381
350 399
351 587
352 490
353
354 520
355 412 523
356 393
357
358 424 449 491
359
360 398
361 392
362 580
363 440 442 570
364 555
365
366 477
367 566
368 370 386
369
370 395 437 568
371 413
372 435
373
374 379 519
375 466
376 407 470
377 595
378 526
379
380 441
381
382 432
383 514 589
384 394 418 576
385
386 508
387
388
389
390 392
391 561
392 518
393 518
394 452 544
395 483
396 526
397 447
398
399 419 482
400 405
401 469
402 574
403
404
405
406 497
407
408
409 427 567
410
411 549
412
413 478 594
414
415 487 524
416 534
417 438 460
418
419
420 555
421 487
422
423 514 530 593
424 597
425 578
426 592
427 554
428
429 522
430 521 588
431
432 465
433 443
434 443 462 477
435 568
436 495
437 537 539 540 546 554 595
438
439 586
440
441 491
442
443
444 480 565
445 468
446 453
447 534
448
449 586
450 566
451 503
452 459
453 478
454
455
456 514
457 466 517
458
459 553
460 524 551
461
462 490
463 466 506
464
465 545
466
467 550
468 516
469 500
470 484
471 493
472
473
474 487
475 561
476
477
478 489
479
480
481 483 512 589
482 548
483 521
484
485 538 542
486
487
488
489
490 576
491
492 574
493 595
494
495 539
496
497
498 520 574
499 546 599
500
501 586
502
503
504 544
505
506 544
507
508 537
509
510
511 551 560 562
512
513
514
515
516
517 572
518 551
519
520
521 534
522
523
524
525
526 528 599
527 563
528
529
530 546
531
532 581
533
534
535
536 592
537 583
538 582
539
540
541 555
542
543
544
545
546
547
548
549
550
551
552
553 597
554
555
556
557 596
558
559
560
561
562
563 595
564
565
566 582
567
568
569
570
571
572
573
574
575
576
577
578
579
580
581
582
583
584
585
586
587
588
589
590
591 595
592
593
594
595
596
597
598
599
