#C:\Users\sakroger\Desktop\k-core\git_code\code\test.py
# GMT Thu Jan  7 07:25:24 2021
# 
0 196 563 651
1 276 495 652
2 318
3 62 246 263 453 545
4 278 447 601
5 470 498 667
6 44 105 118 588 612
7 89 169 282 492
8
9 89 230 392 423
10 276 337 695
11
12 166 708
13 54 252 407 488 579 678
14 356 647 649
15 358 592
16 83 436 747
17 297 365 410 636 709
18 283 352
19 132 197 466
20
21 266 410 593 619 747
22 484 575 638 641
23 68 289 432
24 190 563 725
25 47 671
26 67
27 43 351 551 742
28 240 334 568 641
29 61 372 472
30 251 256 589
31 72 414 703
32 93 176 399
33 363 416 449 684
34 159 189 230 536
35 67 444 700
36 284 355 577
37 223 362 559 653 664 690
38 150
39 316 399 471
40 195 223 510 684
41
42 101 154 362 396 675
43 209 587 649 701 746
44 103 231
45 185 486 742
46 47
47 626
48 531 725
49 112 421 696
50 131 195 398 504 629
51 373 575 633
52 239 330 396
53 57 351 384 433 435
54 180 199 254 336 521
55 224 357
56 376 705 725
57
58 138
59 236 247
60 93 149 289
61 112 579
62 164 240
63 498
64 180 211 481 520 566 652
65 415 560 711
66 76 301
67 250 408 687
68 157 529 655
69 141
70 271 314
71 300
72 427
73 326 644
74 298 348 528 685 724
75 605
76 127 359 442 448
77 174 431 712
78 116 489
79 215 296 570 620
80 149 247 322 459
81 441 489 575
82 143 180 213 290 709
83 368 463
84 94
85 106 215
86 360 365 396 515
87 288 411 511
88 193 214 623 661
89 169 268 456 495
90 135 270 355 615
91
92
93 254 319 525 703
94 120 355 519
95 417 485 582 678
96 127 131 386 398
97
98 158 266
99 443 610 616
100 256 615
101 325 465
102 401 464
103 164 177 365 438 499
104 108 158 161 419 477 740
105 277 486
106 214 501 744
107 233 345 730
108 450 504
109 216 328 533 628 662 737 743
110 435 650 693
111 338 385
112 116 464 491
113 121 432 645 696
114 262 270 281 732
115 139 165
116 618
117 443 675
118 231 555 598 636 637 733
119 479 549 672
120 686
121
122 138 317 400
123 368 510 633
124 348
125
126 191 214 333 365 570
127 359 380 494 535
128 382 418
129 130 226 315
130
131 370 542 558 714
132 234 250 671 677 692 738
133 164 335
134 218 302 493 524
135 396 400 491 704
136 143 144 199 675
137
138 288
139 253 467 647
140
141 143 371 479
142 246 454 543 692
143
144 360 375 592
145 530 619
146 324 553
147 165 479 613
148 429 520 577 732
149 298 352 374 500 658 748
150 655
151 221 682
152 191
153 380 489 492 615
154 340 485 532
155
156 159 378 506 719
157 496 725
158 295 642 748
159
160 591 670
161 184 275 310
162 197 348 704
163 373 478 612
164 281 433
165 321
166
167 259 654
168 451 616
169 405 467 488
170 269 574 632
171 368 398 411
172 216
173
174 478 668
175 674
176 305 587 747
177 339 457 542 652
178 422
179 338 365 721
180
181 268 598
182 384 530 605 606 616
183 291 430 730
184 558
185 601
186 633 678
187 233 274 335 468 552
188 294 569 657 683
189 399 546
190 742
191 452 710
192 392
193 214 536
194 533
195 412 497
196 315 730
197 470 593 608
198 330 493
199 281 588
200 316 356 419
201 208 221 586
202 661 673
203 370 381 653 716
204 215 283 707
205 266 411 686 731
206 290 581
207 533 687
208 358 469 541 576
209 288 299 558 627
210 283 571
211 322 381 520 624
212 316 475
213 354 633
214
215 692
216 571 610
217 306 316 351
218 230 490 581
219 481 685
220 387 486
221 295 400
222 374
223 258 314 405
224 288 297 621 650
225 544
226 458 529 606 674 678
227 651
228 516 545 679
229 231 608
230
231 303 391 697
232 421 580 654
233 622 724
234 344 589
235 472 512 543 544
236 275 325 400 449
237
238 449 496 686
239
240 343 610
241 307 377
242 373 539 633
243
244 277
245 257 408
246 372 668
247 394 575
248 486 569
249 624
250 561
251 373 401 659 717
252 745
253 302 516
254 401 469
255 307
256 352 545
257 351 527 588
258 341 569
259
260 367 595 648
261
262 316 559 614
263
264 468 735
265 411 660
266 378 451
267
268 514
269 303 329 651
270 619 711
271 377
272 674
273 329 340 418 617
274 435 480 632
275 489 689
276 659
277 494
278 398 507
279
280 288
281 651
282 324 432
283 416 739
284 361 679 692
285 505 531 608
286 337 342 724
287 310 452 651
288
289 497 593
290 332 472 521 717
291 422 639
292 443 594
293 309 724
294
295 445 449 475 748
296
297 501
298 536 597
299 333 515 646
300
301 395
302
303 519 540 709
304 620
305
306 323 451 552
307 723
308 697
309 486
310 682 688
311
312 401 408
313 348 373 483 517 579
314
315
316 326 371 687 733
317 324 342 441 445 538
318 443
319 332
320
321 358 733
322
323 418
324 398 532
325 507
326 552
327 443 500 748
328 492
329
330 356 507
331 464
332 441 740
333 449 521
334 344 363 387 506
335 587 639
336 376
337 540
338 474
339 445
340 487
341 555 738
342 345 414 563 586 618
343 356 367 370 680
344 381 618
345
346 417
347 541
348 554 634 638 749
349
350 608
351 386 461
352 690
353 398 436 556
354
355
356 393 740
357 370 583 653
358 465
359 483 515 668
360 432 464 528 572 657
361
362 396 469
363 701
364 611
365 413
366 541
367 387
368 506 582
369 550
370
371 488 509 536
372 446 491 607
373 605 666
374 586
375 603 740
376 382 455 619
377 661
378 396 526
379
380 422 448
381 574 675
382 430 612
383 662
384 423
385 443 531 537
386
387
388 641
389 404
390
391 436 520
392 660 714
393 483 583
394 739
395
396 527
397
398 486 527 730
399 449
400 578
401 411 558
402 548
403 627 655 703
404 478 680
405 501
406 436 538 550 582 589
407 692
408 417 575 698
409 418
410 522 526
411 509 516 671
412 705
413 492 494 529 635 732
414
415
416 668 687
417 693
418 541 563
419
420 698 728
421 439 691 692 715
422 577
423
424 505 643
425 730
426
427 496 540 564
428 600 633
429
430 704
431 535 604
432 532
433
434
435 626
436 515 574
437 637 701
438
439 524
440
441
442 456 530 543
443
444
445
446 518 655
447 696
448 487
449 689
450 739
451 541 690 723
452 635 659 681
453
454 547
455 606
456 612
457
458 683
459 462 484 543 635
460 534
461 479
462 549 627 703
463 560 568 700
464
465 497 506
466 495
467
468 581
469 584 625 729 733
470 475 563 601 691
471 484 703
472
473 550 591 749
474 540 567 722
475
476 614
477
478 558 744
479 608
480 613 641 726
481 680
482
483
484 621 640
485 678
486
487 561
488 690
489
490 678
491
492 682
493 523 570 652
494
495 583 676
496
497 526 549
498
499
500
501 581 650 700
502
503 713 715 734
504 640
505 618
506
507 530 546
508
509
510 541
511
512
513
514 721 745
515 595 614 702
516 531
517 710 748
518
519
520
521 656
522
523 712
524 747
525
526 598
527
528 537
529
530 606
531 623
532 730
533
534 602 716 725
535 536
536
537
538 562 608
539
540
541
542 663
543
544
545 703
546 608
547 557
548 607
549 652
550 580 657
551 595 600
552
553 600 610 686
554 641 730
555
556 659 707
557
558 608 640
559 573
560
561 593
562 729 742
563
564 586 623
565 596 631 633
566 601
567 647
568 577 689
569
570 662
571
572 707
573
574
575 728
576
577 621
578
579 626
580 713
581 695
582
583 724
584 596
585
586 687
587
588 691
589
590
591
592 681
593
594 692
595
596
597
598
599 660
600
601 726
602
603 624
604 665
605 685
606
607
608 734
609
610
611
612
613
614
615
616
617 661
618
619
620 740
621
622
623 654
624
625
626
627
628 635
629
630
631
632 739
633
634
635
636 730
637
638
639
640
641
642 655 743
643 724
644 662 727
645
646
647
648
649
650
651
652
653 735
654
655
656
657 664
658
659 669 713
660
661
662
663 692
664
665
666
667
668
669
670
671
672
673 695
674
675
676
677
678
679
680 747
681
682
683
684
685
686
687
688
689
690
691
692
693
694 748
695 713
696
697
698
699
700
701
702
703
704
705
706
707
708
709
710
711
712
713
714
715
716
717
718
719
720
721
722
723
724
725 738
726
727
728
729
730
731
732
733
734
735
736
737
738
739
740
741
742
743
744
745
746
747 749
748
749
