#C:\Users\sakroger\Desktop\k-core\git_code\code\test.py
# GMT Thu Jan  7 07:25:24 2021
# 
0 47 87 111 125 238 267
1 63 161 180 231
2 45 85 114 167 176 229 275
3 150
4
5 101 205 223
6 215
7 14 72 166 176 299
8 286
9 16 104 164 235 281
10 98
11 23 64 88 120 200 217 246 247
12 70 105 147 174 211 218 245
13 30
14 298
15 17 151
16 86
17 295
18
19 97 240
20 169 242
21 284
22 95 105 135
23 269
24
25 62 65
26 82 121
27 41 48 70 115 223 237 287
28 97 184
29
30 86 121 188 193 204 232 238 246
31 64 213
32 212 283
33
34
35 61 72
36
37 159 239 279
38 92 125 155
39 252
40 60 143 157 204 284
41 65 180
42 254
43 133 219 298
44 80 100
45 47 82 85 218 250 266
46 139 144
47 224
48 61
49 68 112
50 61 93 190 235
51 73 154
52 157
53 77 219
54 101 292
55 91 180 193 212 214 281
56
57 138
58 132
59 219
60 123 145 265
61 72 74 79 288 295
62 78
63
64 173 267 269
65 159 188 200 246 294
66
67 69
68 86 145 155 176 185 202 287
69 108 216
70
71 168
72 108 276
73 120 121 168 269 270
74 123
75
76
77
78 81 95 191
79 119 128 131 289
80
81 102 286
82
83 298
84 244 284
85 271
86 161 218 280
87 99 252 271
88 230 231
89 203
90 101 159 204 277
91 149 167 168 252 268 271 286
92 155
93 170 282
94 149 197 208 234 258
95 246 254 276
96
97 194
98 111 123 164 233
99 119 215 224 280
100 145
101 259
102 264
103 188 224
104 249
105 146 231 248
106 114 274
107 134 245
108 127 210
109 161 228
110 130 133 158 244
111 229 288
112 141 285
113 226
114 165 168 200 205 225 262 284
115 146 270
116 181 260
117
118 145 192
119
120 201
121 188 194 271
122 192
123 244 269
124 144 146
125 202 296
126 149 170 272 282
127
128 210 261
129 142 264
130 150 200 241
131 192 279
132 166
133
134 224 239
135 168 256 275
136 232
137 200
138 156 166 247
139
140 265
141 286
142
143 234
144 210 219
145 161 192 257
146
147 229
148 234 235
149 166 195 239
150 247 253
151
152 204 218
153 277 278
154 156 157 204 256
155 156 212 235
156 189 257
157
158 281
159 192 218 276
160 223
161 166 177 228 286
162 243 277
163 213
164 238 251
165 259
166
167 211
168
169 266
170 174 188 292
171 190 264 267 278
172 237
173 229 294
174 214
175
176 204
177
178 202 293
179 241 280
180 222 236
181 224
182 216
183
184
185
186 265
187
188
189 262
190 265
191 291
192 193 250 280
193
194 272 276
195 208 243 291
196 245 266
197
198 250
199
200 220 271 285
201 269
202 218 284
203 224
204 205 220
205 262 286
206 277
207
208 222
209 272
210
211 220
212 234
213 229 279 295
214 236 258
215 229
216 240
217
218
219
220
221 262
222 231 262
223 281
224
225
226
227 263
228 230 288
229 291
230
231
232
233 256 268
234 265
235
236 242 274
237 250 287
238
239
240 246
241
242 260
243 251 252 282
244 248
245
246
247
248
249
250 255 280
251 262
252 253
253 296
254 280
255 297
256 275
257 289
258
259 260
260
261 269
262
263
264 275 276
265
266
267
268 288
269
270 278
271
272 274
273
274 291
275
276
277
278
279
280
281
282 298
283
284
285
286
287
288
289
290 298
291
292
293
294
295
296
297
298
299
