#C:\Users\sakroger\Desktop\k-core\git_code\code\test.py
# GMT Thu Jan  7 07:25:24 2021
# 
0 58 175 176 245 410
1 81 179 417
2 152 258 393 399
3 325 373 405
4 15 309 354
5 317
6 400
7 200 325
8 317
9 80 139 140 158 388
10 165 361 392
11 193 437
12 54 145 395
13 21 202 338
14 16 123 130 174 177 236 350
15 123 135 210 411
16 22 55 143 170 173 289 440 443
17 35 113
18 110 193 248 401
19 336 398
20 31 149 171 202 390
21 280 383
22 417
23 176 336
24
25 239 256
26 327 397
27 79 80 271 424
28 29 231
29 67 152 234 404
30 156
31 106 229
32 70 180 271 366
33 172
34 137 149 301
35
36 40 56 135 332
37 49 356
38 79 123 230 367 375 418
39 177 211 305 321 342
40 257 260 311
41 228 306 342
42 279 310 333 439
43
44 231 338 380 406
45 392
46 121 152
47 189 436 445
48 257 322 414 445
49 214
50 118 165 285 320 333 356 361 399 416 425
51 86 241 396
52 169 263 277
53 310 339 350
54 200 238 317 403 434
55 61 202 211 411
56 235 273 300
57 76 112 127
58 67 73 366
59 162 412
60 280 321 399
61
62 137 402
63 229 273 289 379 404
64 261
65 71 214 217 293
66 149 237
67 97
68 84 102 198 255
69 173 188 394
70 250
71 75
72
73 426
74 128 212 383
75 86 347 415 446
76 232 418
77 213 306 412 429
78 435
79 252 274
80 200 249 268 271 405
81 98 135 150 177 366
82 257 342
83 243 317 410
84 133 224 260 282 298 442
85
86
87 154 175 222 302
88 251 339
89 144
90 206 271 357
91 229 436
92 251 300 385 401
93 107
94 136 313 325 350
95 258 305
96 220 318
97 432
98 162 194 203 249
99
100 161 420
101 426
102
103 227 300
104
105 137 147
106 243 295
107
108 162 181 203 282
109
110 286 363 447
111
112 117 128 326
113 174
114 135 223 409
115 447
116 311 414
117 127 267 366
118 179
119 187 189 223
120 317
121 166 174
122 229 237 378
123 150 202 440
124 266 271 373 374
125 176 309
126
127 129 166 230 253 296 340 408
128 229 296
129 209 358 412
130 406
131
132 182 233 293
133 229 333
134 145 242 258 331
135 222 410 428
136
137 335
138 219 245 276
139 273 421
140 283
141
142 189
143 155 160
144 145 387 404
145 333
146
147 200 323 329 359
148 199 250
149 257 333 335 435
150 267 442
151
152 212
153 202 203 348
154 276 309 372
155 254
156 295 314
157 172 240
158 345 443
159 165 437
160 186
161 188 262 294 314 356 363
162 169 229
163 240
164 166 386
165 448
166 366
167 178 224 321
168 281
169 199 378
170 418
171 214 266
172
173
174 268
175 178 287 306
176
177
178 286 361
179 398
180
181 227 413 442 445
182 253 260 304 415
183 359 423
184 239
185
186 255 331
187 280
188 258 376 386
189 435
190 286 289 307
191 371 437
192 359
193 353 365
194 205 309
195 335 357 429
196 211 276 377
197 309 365 427
198 297 383 446
199 261 270 329 339
200 250 299 392
201 433 441
202 302
203 285 365 399
204 277 285 378
205 384
206 356 394
207
208 276
209
210 323 330
211
212
213 365
214 340
215 255 267 393 420
216 330
217
218 320 417 430
219
220 376
221 342
222 382
223
224 327
225 346 418
226 320 374
227 401 407
228 257 332
229 364
230 418
231 255 277 331 445
232 337 363 385
233 250 436
234
235 346
236 263 320 354 400
237
238 312 383
239
240 332
241 284 326
242 256
243
244 265 266
245 409 435 439
246
247 360
248
249 432
250 323 429
251 279 284 332
252 278 314 349
253 259
254 257 353
255 296 367
256 288
257
258 412
259 404
260 286 291
261 347
262 342 422
263 383
264 367
265
266
267 270 271
268 287 295
269
270 417
271
272 399
273
274 314 373
275 397
276 339 372 373 443
277 317 334
278
279
280 285
281 396
282
283 287 300
284 344 388 413
285 388
286 423
287 381 444
288 339
289
290 306 368
291 391
292 301 366 379 381
293 355
294
295 316 382
296 411
297 350 398 412
298 388 396
299 356
300
301
302
303
304
305 426
306 313
307 318 322
308
309 443
310 356
311
312 361 408
313
314 353 426
315 362
316 385 447
317 418
318
319 424
320 407
321
322 443
323 325 334
324 425
325 435
326
327
328
329 420
330 411
331 382
332
333
334
335 416 449
336 349 429
337 407
338
339 374
340 401
341 378 435
342
343 372 440
344 376
345 355
346
347
348 437
349 396 433 446
350
351 433
352 357
353 365 435
354
355 408
356 443
357 379 392
358
359
360
361 368
362 430
363
364 429
365 401
366 425
367 442
368
369 412
370 428
371
372 401
373
374
375
376
377
378
379
380
381
382 444
383
384 444
385
386
387 400
388
389 392
390
391
392
393
394
395 429
396
397 427
398
399
400
401
402 419 430
403
404
405 425
406 437
407 419
408
409
410
411
412
413
414
415
416
417
418 423 437
419
420
421 422
422 444
423
424
425
426
427
428
429
430
431
432
433
434
435
436
437
438
439
440
441
442
443
444 447
445
446
447
448
449
