#C:\Users\sakroger\Desktop\k-core\git_code\code\formater.py
# GMT Sun Jan 17 05:23:27 2021
# 
0 152 602 603 601 632 630 629
152 629 609 612 613 608 606 602
602 606 607 603
603 8 38 149 597 601 607
601 149 519 520 599 600 1930 632 2040
632 158 159 160 630 1930 1920 637 633
630 158 626 627 629 631
629 609 610 627 628
1 38 150 587 604 8
38 8 607 606 613 150
150 613 605 151 588 587
587 146 604 588
604 8 146 526 594 595 597
8 597
2 863 862 858 859 861 865
863 136 215 217 546 862 865 864 866
862 545 546 550 857 858
858 856 857 859
859 848 852 854 856 861
861 851 852 865
865 217 851 860
3 938 937 949 244 942
938 227 933 936 937 942 940 939
937 936 951 949
949 244 951 950
244 950 944 942
942 227 944 943
4 367 1346 1345 1344 335 1470
367 364 1470 1450 1468 1471 1346
1346 20 334 337 1340 1345 1471 1466
1345 336 1340 1344
1344 335 336
335 336 1343 370 368 1470
1470 368 1450 1469
5 1664 1669 1668 1670 419 1667 420
1664 420 1662 1669
1669 417 1642 1662 1668
1668 417 418 437 1670
1670 419 437 1671
419 1671 1674 1667
1667 420 1675 1678 1676 1674
420 1676 1665 421 1662
6 106 1698 1701 1702 2012 1696
106 1696 1695 1697 1699 1698
1698 425 1691 1699 1700 1701
1701 425 502 1705 1704 1702
1702 1704 2014 2012
2012 1696 2014 2013 2017 2016 2015
1696 503 1694 1695 2015
7 1908 1898 1893 161 1911
1908 119 1898 1907 1911 1910 1916 1925 1909
1898 478 1892 1893 1909 1899 1901 1900
1893 161 1892 1897
161 1897 1896 1912 1914 1911
1911 162 1910 1914
597 149 521 522 526 596 598
9 468 1883 1884 1891 1900 1901 467
468 10 467 1876 1879 475 1883
1883 10 474 1884
1884 474 1885 1886 1887 1891
1891 1887 1888 1894 1900
1900 1892 1894 1901
1901 467 1872 1875 1899 1903 1902
467 1875 1874 1876
10 475 474
475 469 474 1880 1882 1879
474 1882 1885
11 732 733 671 1823 735 734
732 729 730 731 733 734
733 671 672 729
671 670 672 673 1823
1823 670 735 737 1824 1825
735 734 737 736
734 731 736 739 738 740
12 170 681 684 677 678 679 680
170 181 682 681 680
681 171 175 684 682
684 171 677 692 685
677 169 678 685
678 168 169 679
679 168 674 675 680
680 180 181 674 727 725
13 136 544 546 215
136 135 215 866 535 541 544
544 135 543 547 550 545 546
546 215 545
215
14 50 704 208 178 705 708 709
50 709 835 830 704
704 44 208 830
208 44 177 178 706
178 706 705
705 45 182 207 708 706
708 206 207 709
709 206 835
15 1176 1207 1205 1172 1177
1176 300 1173 1175 1207 1177
1207 75 1175 1202 1205 1206
1205 296 299 301 1172 1202
1172 296 1178 1177
1177 274 1163 1173 1178
16 1125 278 279 1126
1125 263 278 1124 1131 1126
278 69 1128 1127 279 1131
279 1127 282 1126
1126 88 263 280 282 1030 1048 1120 1505 1409
17 82 1332 1328 1359 1360 331 330 1327 1322
82 1320 1333 1332 1322 1323 1321
1332 332 1328 1329 1333 1339
1328 332 1330 1356 1358 1362 1359
1359 323 1362 1360
1360 323 331 1361
331 81 321 330 1290 1291 1294 1295 1361 1289
330 1295 1325 1326 1327
1327 1322 1323 1326
1322 1323
18 188 194 751 744 190 743 752
188 753 783 784 194 752 756
194 784 195 751
751 49 195 196 744 746 747 750
744 186 190 745 746
190 47 185 186 1800 1799 1798 758 743
743 189 752 758
752 189 757 756
19 1820 1817 1816 185 1821
1820 471 1817 1822 1825 1827 1821
1817 1816 1827 1819 1818
1816 185 1800 1801 1814 1815 1818
185 186 742 1821 1800
1821 738 742 1822
20 91 1340 334 1348
91 1348 1337 1341 1340
1340 336 1341 1600 1472 1343
334 333 1348 337 1463 1347
1348 333 1331 1337 1338 1339
21 388 1487 1553 1552 1551 1550 23 1520
388 1488 1487 1520
1487 94 1488 1489 1553
1553 93 1486 1489 1552 1554
1552 1551 1554 1555
1551 1548 1549 1550 1555
1550 23 387 1521 1549
23 1521 380 1520
1520 380 1488 1519 1524 1525
22 94 1488 1519 1515 1517 1518
94 1489 1488 1518 1490
1488 1519
1519 1513 1515 1525
1515 1513 1516 1517
1517 1497 1499 1516 1518
1518 1490 1497 1498
1521 380 382 387 1522 1531
380 1523 1524 382
24 1571 1570 1588
1571 1570 1572 1588 1587 1579
1570 393 1561 1569 1572 1573 1588
1588 393 1587
25 2017 2011 2021 2019 2020
2017 2009 2011 2013 2016 2020
2011 2002 2003 2009 2010 2021
2021 2002 2019 2030 2031
2019 26 504 2018 2031 2020
2020 2016 2018
26 2031 124 2029 2024 2023 505 504
2031 124 2030
124 30 2035 2028 2029 2030
2029 2024 2025 2028
2024 125 126 2023 2025
2023 126 505 511 2018 2022
505 504 2022
504 2022 2018
27 1993 1994 1995 1967 2005 2006
1993 499 1988 2006 1996 1994
1994 1996 1995
1995 1967 1968 1969 1998 1999 1996
1967 1968 2000 2005
2005 2000 2003 2004 2006
2006 499 500 1992 2003 2010
28 1979 1997 1998 1996 1988 1989 1985 1986 1987
1979 1978 1997 1987 1981 1980
1997 1970 1972 1975 1978 1999 1998
1998 1996 1999
1996 1988
1988 498 499 1991 1989
1989 497 498 1722 1985 1990 1991
1985 107 1725 1726 1986 1990
1986 107 1983 1984 1987
1987 494 1981 1983
29 2041 2043 2036 2038 2037
2041 510 2037 2039 2040 2047 2042 2043
2043 2034 2036 2042 2044
2036 2033 2034 2038
2038 507 2032 2033 2037
2037 507 2039
30 2030 2033 2035
2030 506 2002 2033
2033 506 2032 2034 2044 2035
2035 31 125 2027 2028 2044
31 2044 127 2026 126 125 2027
2044 127 2034 2042
127 2042 510 2045 2026
2026 126 2045
126 125 2045 511
125 2028 2027 2025
2027
32 533 129 524 131 532 531
533 128 129 132 133 139 531 534
129 128 130 524
524 130 131 522
131 522 525 529 532
532 529 530 531 558
531 134 139 530
33 527 592 555 559 528
527 148 526 592 528
592 147 148 554 555 591
555 548 554 556 557 559
559 525 528 529 557 558
528 525 526
34 535 536 538 537 541
535 133 134 512 514 534 536 541 866
536 134 138 538
538 138 537 539
537 539 540 541
541 135 540 543
35 548 554 565 36 137 552 547 549
548 549 556 554
554 564 565 591
565 36 563 564
36 563 553 137
137 553 552
552 547 550 551 553
547 542 543 549 550
549 138 539 542 556
563 141 553 560 561 571 564 591
553 551 571 566
37 146 586 584 582 581 589
146 589 595 588 586
586 151 584 585 695 588
584 140 144 582 696 585
582 140 581 583
581 142 561 562 580 583 589
589 562 590 595
607 606
606 608 613
613 153 605 608 612
39 172 699 693 174 690 691 683
172 683 692 699
699 171 175 692 693 698
693 173 174 616 698 697 695 694
174 694 690
690 173 689 694 691
691 164 683 685 686 687 689
683 685 692
40 1887 670 669 666 1890 1888
1887 670 1886 1888
670 46 473 668 669 1886 1824 673
669 41 666 668 676
666 167 665 676 1889 1890
1890 1888 1889 1894
1888 1894
41 168 169 676 668 675
168 675 169
169 661 659 676 685
676 167 659 660
668 673 675
675 42 673 674
42 673 672 728 674
673 672
672 729 728
728 674 726 727 729
674 727
43 140 697 698 701 702 703 209 143
140 579 583 696 697 143
697 695 696 698
698 175 701
701 175 177 700 702
702 44 177 703
703 44 209 832
209 143 832 576 578
143 142 578 579
44 830 831 832 177
830 835 831
831 51 832 835 833
832 51 210 576
177 176 706 700
45 207 182 716 179 710
207 206 710 707
182 706 725 726 183 716
716 179 183 724 721 717
179 197 715 710 717
710 200 205 707 715 711
46 472 1824 473
472 471 473 1825 1824
1824 1825
473 113 471 1886 1885 1881
47 1799 454 1797 1798
1799 454 1800
454 1801 1804 1796 1797 1800
1797 1787 1793 1796 1798
1798 758 760 1793
48 741 745 747 184
741 184 186 742 745
745 186 746 747
747 49 184 746
184 49 748 740 742
49 750 187 722 749 748
750 187 196 720
187 720 721 724 722
722 723 749 724
749 723 726 729 730 748
748 730 740
835 206 212 829 833 834
51 833 210
833 210 834
210 834 214 575 576
52 573 838 839 574
573 214 572 838 574 577
838 214 834 836 837 839
839 569 574 837 840
574 566 569 571 577
53 220 848 853 843 842 847 219 850
220 54 860 851 849 848 850
848 852 854 853 849
853 841 843 854 855
843 836 837 840 841 842 844
842 845 846 847 844
847 219 815 816 846
219 54 815 880 223 879 878 850
850 54
54 878 868 860
878 218 868 869 879
868 217 860 869 870
860 217 851
55 218 879 876 875 874 873 877
218 869 879 877
879 223 876 882 883
876 875 883 892
875 874 892 893 895
874 866 871 872 873 895 902 983
873 869 872 877
877 869
56 227 943 911 228 229 941
227 941 940 943
943 911 944
911 228 976 977 913 944
228 913 908 914 229
229 914 915 919 941
941 919 922 923 940
57 945 963 962 966 971 972 973 974 946
945 946 948 947 963
963 947 956 962 964
962 956 961 1082 1080 966
966 249 1080 967 968 971
971 242 968 969 970 972
972 242 975 973 979
973 974 975
974 243 946 975
946 243 944 948
58 233 1240 1242 1243 1239 1223
233 238 952 951 234 1240 1223
1240 234 1241 1242
1242 1241 1245 1244 1243
1243 310 312 1235 1238 1239 1244
1239 1223 1224 1225 1235
1223 238 1220 1221 1224
59 1088 1089 1087 959 1216
1088 1216 1215 1214 1093 1092 1089
1089 1085 1086 1087 1092 1091 1090 1109 1110
1087 959 960 961 1082 1083 1086
959 958 960 1216
1216 241 958 1215 1218
60 250 1079 1081 1076 1077 1078 1074 1001 1002
250 1002 1000 967 1079
1079 967 1080 1081
1081 269 1076 1080
1076 269 270 1084 1077
1077 1084 1078
1078 1074 1075 1084
1074 1001 1073 1075
1001 995 1003 1002 1073 1004
1002 1000 1003
61 1013 993 252 253 1012 1011 1015 1014
1013 993 994 1014
993 248 252 989 992 997 996 994
252 1004 1008 1009 1011 1012 253 996 995
253 1012
1012 1011
1011 1009 1010 1015
1015 254 1010 1014 1021
1014 983 992 994 1021
62 1017 1018 1009 1008 251 259
1017 254 259 1016 1019 1020 1018
1018 254 1009 1010
1009 1008 1010
1008 251 1004 1006 1007
251 1007 1037 259
259 1019 1037 1039 1035 1036
63 1033 1046 1032 1028 1036
1033 1036 1035 1034 1046
1046 258 1032 1034 1047 1048
1032 1028 1029 1030 1031 1048
1028 1019 1026 1027 1036 1029
1036 1019 1035
64 1052 1053 262 1049 261 1051
1052 260 1051 1060 1062 1058 1057 1056 1053
1053 262 1056 1054
262 1054 1120 1048 1049
1049 261 1047 1048 1050
261 1050 1051
1051 258 1041 1042 1043 1050 1060
65 1055 260 265 1118 1123
1055 260 1054 1056 1123 1122 1119
260 1056 1057 265
265 1057 1118
1118 1057 1117 1123
1123 66 1117 1122
66 1132 1121 1122 1117 1116 1115
1132 1113 1115 1121 1124 1131
1121 264 1119 1122 1124
1122 1119
1117 1057 1116
1116 1057 1058 1115
1115 1058 1113
67 1064 1061 1042 268 1070 1069
1064 267 1061 1062 1069
1061 1042 1060 1062
1042 268 1040 1041 1060 1072 1071
268 1071 1070
1070 1068 1069 1071
1069 267 1065 1068 1111
68 302 303 304 1094 1208 1096
302 1096 1098 1099 1095 303
303 1095 304
304 1095 1091 1093 1094
1094 305 1093 1214 1209 1208
1208 307 1096 1209
1096 300 307 1173 1174 1098
69 1131 1134 1135 275 1128
1131 277 1113 1114 1124 1134
1134 277 1104 1105 1135
1135 275 1103 1104 1130 1168
275 70 72 1129 1128 1130
1128 1127 1129
70 1130 1141 72
1130 1168 1141
1141 72 1139 1140 1147 1168 1167 1166
72 1147 283 1127 1129
71 286 1150 1146 285
286 285 1156 287 1150
1150 287 1146 1149 1153 1151
1146 280 285 1145 1151
285 281 283 284 1145 1156
1147 283 284 1140
283 281 1142 1127 284
1127 282 1129 1142
1129
73 1179 1182 295 1162
1179 296 1162 1182 1180
1182 295 296 297 1183
295 297 1181 1161 1162
1162 294 1161 1180
74 1270 1272 1192 1194 1193
1270 1193 1265 1269 1271 1272
1272 1192 1271 1288 1273
1192 317 322 1190 1194 1288
1194 1189 1190 1191 1193 1195
1193 316 1265 1195 1196
75 300 307 1210 76 1201 1206 1175
300 307 1175 1173
307 1209 1229 1210
1210 76 1229 1230
76 1230 1200 1201
1201 315 316 1197 1200 1202 1206
1206 1202
1175
1230 1200 1226 1227 1229 1231 1237 1233 1232
1200 1197 1199 1232
77 198 793 792 789
198 789 713 788 796 794 793
793 792 794 822
792 200 789 791 822
789 713 791 790
78 1251 798 797 778 1255 1254
1251 309 312 798 1244 1250 1254 1252
798 795 797 1250 799
797 777 778 779 795
778 776 777 1256 1255
1255 1253 1254 1256
1254 1252 1253
79 199 787 786 719 784
199 784 782 780 777 779 787
787 779 786 796 788
786 719 785 788
719 195 196 718 784 785
784 195 782 783
80 1283 448 1282 1300 1292 325
1283 320 325 448 1281 1284 1285 1294
448 1281 1789 1301 1282
1282 1301 1300
1300 1292 1299 1301
1292 325 1299 1298 1297
325 1297 326 1294
81 1289 1361 323 340 1366
1289 321 324 1366 1367
1361 323
323 1362 340
340 339 1366 1362
1366 339 1365 1368 1367
1320 1317 1319 1321 1336 1334 1333
1333 1339 1334 1338
1323 1321 1326 1324
1321 1316 1317 1324
83 1337 1338 1335 1606 1342
1337 1338 1342 1341
1338 1334 1335 1339
1335 1334 1606
1606 400 1334 1336 1342 1601 1605
1342 1341 1601 1600
84 1331 333 1330 1329 1339
1331 333 1339
333 1347 1350 1357 1330
1330 332 1329 1357 1356
1329 332 1339
1339
85 342 1371 1364 1372
342 298 1371 1372 343 1374 1370
1371 298 341 1364 1365
1364 339 1363 1372 1365
1372 343 1363
86 346 365 1388 1396 1385 345
346 338 345 1386 1352 1351 1463 365
365 347 348 1388 1463 1461 1462 1458 366
1388 348 1390 1389 1393 1396
1396 1385 1393 1398
1385 345 1380 1386 1398 1397 1387
345 1386
87 1423 1424 353 1417 1421
1423 90 1421 1422 1424
1424 89 90 353 358 1429 1430 1432
353 1432 1415 1416 1417
1417 1412 1416 1418 1421
1421 355 1418 1422
88 1415 1432 1434 1438 1505 1409 1414
1415 1412 1413 1414 1416 1432
1432 1430 1431 1434
1434 359 1428 1429 1431 1433 1438
1438 1433 1437 1504 1505 1439 1440
1505 256 377 1030 1504 1509 1511 1535 1508
1409 280 352 1151 1407 1408 1410 1414
1414 354 1410 1413
89 90 357 1454 361 1444 1426 358
90 1422 1391 1455 357
357 1455 1454
1454 356 361 1455 1457 1459
361 356 1453 1445 1444
1444 1425 1426 1427 1436 1441 1443 1445 1446
1426 358 1425
358 1425 1428 1429
1422 355 1391 1392 1394
1391 1389 1390 1456 1455 1392
1455 1456 1457
1341 1600
92 1599 1602 99 1478
1599 399 1472 1478 1600 1601 1602
1602 99 1601 1604 1612 1603
99 1603 1598 1597 1478
1478 397 399 1477 1597 1592 1479 1480 1483
93 1484 1481 1486 1489 1485
1484 1481 1483 1492 1485 1490
1481 1482 1557 1558 1486 1483
1486 1558 1554
1489 1485 1490
1485 1490
1490 371 1491 1492 1498
95 381 1523 382 1526 1528 1511 1512
381 1512 1514 1525 1523
1523 382 1525 1524
382 1531 1530 1526
1526 383 1527 1528 1530
1528 1511 1527 1529 1535
1511 1509 1510 1535 1513 1512
1512 1513 1514
96 1547 1564 1565 1546 1548
1547 391 1548 1555 1554 1564
1564 391 392 1565
1565 392 1546 1563 1566
1546 1544 1545 1548 1566
1548 1544 1549 1555
97 1556 1562 1563 392 391 1557
1556 393 1557 1560 1559 1561 1562
1562 1561 1566 1563 1569 1567
1563 392 1566
392 391
391 390 1554 1557
1557 390 397 1482 1560 1558
98 404 1647 1583 403 1617
404 408 1646 1647 1617 1621
1647 102 411 1583 1645 1646 1648
1583 403 1582 1648 1584 1585 1615
403 1610 1616 1617 1615 1611
1617 1616 1621
1603 1595 1598 1612 1614
1598 1595 1596 1597
1597 1592 1593 1594 1596 1613
100 405 1627 1623 402 401 1624 406
405 406 1626 407 1627
1627 407 1620 1622 1623 1628
1623 402 1608 1609 1610 1622
402 401 1608 1607
401 1607 1605 1624
1624 406 1317 1318 1319 1605
406 1318 1625 1626
101 1640 1641 410 409 1638 1639
1640 437 1639 1641 1751 1752
1641 410 418 437
410 102 409 418 1644 1645
409 1645 1637 1638
1638 1635 1637 1639
1639 1634 1635 1751
102 411 1645 1644 1643 1659 1651
411 412 1648 1651 1650
1645 1618 1637 1646
1644 418 1643
1643 417 418 1660 1658 1659
1659 414 1650 1651 1652 1653 1657 1658
1651 1650
103 1642 1662 421 1663 416 1661
1642 417 1661 1660 1662
1662 421
421 1665 1663
1663 413 416 1537 1656 1687 2018 1665 1666
416 413 415 1658 1661
1661 1658 1660
104 438 1749 1745 1750 1674 1673 1752
438 436 1752 1753 1748 1749
1749 109 436 1745
1745 109 1680 1750 1746
1750 1674 1675 1680
1674 1671 1673 1675
1673 1671 1672 1752
1752 437 1672 1751 1753
105 424 1693 1687 1688
424 1692 1697 1693 1688 426
1693 1687 1697 1694
1687 1666 1682 1685 1686 1688 1694 2018
1688 423 426 1686 1689 1690
1695 1694 1697
1697 1692 1694 1699
1699 1691 1692
107 108 1984 1725 495
108 495 1727 1856 1861 1984
1984 494 1861 1863 1982 1983
1725 495 497 1721 1724 1726
495 1724 1728 1727
1727 496 1728 1855 1856
1856 1855 1857 1861
1861 115 1857 1860 1862 1863
109 436 1739 1740 1746
436 434 435 1748 1754 1738 1739
1739 428 1736 1738 1741 1747 1740
1740 1747 1746
1746 1679 1680 1743 1747
110 1841 1843 1842 112
1841 112 1840 1843
1843 458 1840 1842
1842 112 458 461 1845 1846
112 461 1769 1774 459 1840
111 1311 1308 1309 1304 1781 446 1761
1311 1308 1310 1761 1312 1314 1315
1308 1297 1305 1306 1307 1309 1310
1309 1304 1305
1304 1303 1781 1305
1781 446 451 1303 1763 1783 1782
446 451 1762 1761
1761 445 1312 1760 1762
461 1846 1847 1768 1769
1769 460 1768 1774 1770 1771 1772
1774 459 460 1773 1776
459 1773 1775 1809 1840
1840 458 1809 1810 1839
113 469 1830 470 471 1881 1880
469 1879 1878 1831 1830 1880
1830 114 456 470 1831 1837 1838
470 456 1829 471
471 1829 1827 1825
1881 1880 1885 1882
1880 1882
114 1834 1853 1836 1837 1831 1832 1833
1834 1833 1858 1857 1853
1853 463 1836 1852 1857 1855 1854
1836 1835 1837 1852
1837 1835 1844 1838
1831 1878 1832
1832 1878 1858 1833
1833 1858
115 1860 464 1867 1862
1860 464 1857 1858
464 1859 1867 1858
1867 116 1859 1862 1877
1862 465 1877 1863
116 1859 1879 1876 1873 1877
1859 1858 1878 1879
1879 1876 1878
1876 1873 1874 1875
1873 484 1866 1872 1877 1875
1877 465 1866
117 1871 1938 1870 483 1868
1871 482 1868 1872 1902 1937 1938
1938 1870 1937 1939 1942
1870 483 1865 1942
483 1865 1869 1868
1868 484 1869 1872
118 1904 1909 1907 1905
1904 477 478 1903 1905 1906 1933 1932 1935 1909
1909 478 1907
1907 1905 1925
1905 479 1925 1906
119 1925 1916 1924 1926 479
1925 479
1916 1910 1918 1919 1917 1924
1924 1917 1921 1923 1926
1926 479 1922 1923 1927
479 480 1906 1927
120 1940 1949 1948 1947 1941
1940 1929 1931 1939 1941 1942 1949
1949 121 1928 1929 1930 1948
1948 121 487 1947 1950
1947 487 1941 1944 1945 1946
1941 1865 1944 1943 1942
121 1930 2040 1957 1956 1951 1950
1930 481 1920 1927 1928 2040
2040 509 519 1957 2039 2047
1957 488 490 509 1956 1958
1956 486 487 488 1951 1952
1951 487 1950
1950 487
122 1961 1966 1963 1962 1960 2039 507
1961 507 1966
1966 491 507 508 1963 1964 1965 2032
1963 489 491 1955 1958 1962
1962 1958 1959 1960
1960 509 1959 2039
2039 507 509
507 2032
123 1953 1954 1944 1945 486 489
1953 489 1954
1954 466 485 489 492 1944
1944 485 1943 1945
1945 486 1946 1952
486 1952 488 490 1955 489
489 492 1955 491 1964 1972
2028 2025
2025
2045 510 511
511 510 2046 2047
2042 510
510 2047 2046
128 130 132 516 518 519
130 519 523 521 522
132 133 514 515 516
516 515 518
518 512 513 515 519
519 512 520 523
523 520 521
521 520 598 522
522 526 525
525 526 529
529 558
133 534 514
514 512 517 515
515 513 517
534 134 139
134 139 530 557 138
139
530 558 557
557 138 556 558
138 539 556
135 543
543 540 542
866 512 864 983 867 870 871
539 542 540
556
579 142 583
583 142
696 144 145 695
141 561 580 571
561 560 562 580
580 142 571 577
571 566 577
142 578 577
578 575 576 577
577 214 572 575
144 585 145
585 145 695
145 695
695 151 616
595 590 594
588 151
147 590 591 148 593 594
590 562 591 594
591 560 562 564
148 526 594 593
593 594
594 526
526
149 596 598 600
596 598
598 520 599 600
600 599
605 151 153 614
151 616 614 615
616 173 615 618 617
614 153 615
615 153 619 618
609 154 157 610 619 612
612 153 619
608
153 619
619 154 618
154 618 157 611
618 611 617
157 610 628 621 611
611 621 622 617
155 156 623 653 688 689 173 617 622
156 622 623
623 622 625 624 653
653 165 624 650 654 655 688
688 164 165 687 689
689 164 173
173 694 617
617 622
622 621 625
610 628
628 620 621 627
621 620 625
158 631 159
631 159 626 634
159 160 634
160 633 636 634
634 624 625 626 636 635 652
633 637 636
636 163 635 637
1897 647 1892 1895 1896
1896 1895 1912
1912 641 645 648 1895 1913 1914
1914 162 1913
162 1913 1915 1910
1913 641 1915
1915 641 642 1910 1918
1910 1918
163 639 643 646 644 635 637 638
639 638 640 642 643
643 641 642 646
646 641 644 645
644 635 645 651
635 651 652
637 1920 640 638
638 640
164 687
687 165 686
165 656 657 686 655
656 166 654 655 657
657 166 661 658 686
686 658 685
655 654
166 654 662 660 659 661
654 650 662
662 650 651 660 663 667
660 167 659 667
659 661
661 658 685
167 665 667 663
665 647 663 664 1894 1889
667 663
663 648 649 651 664
685 658 692
181 180 682
682 175 176 180 700
171 175 692
175 700
692
694
700 176
176 180 706
180 725 706
706 725
197 713 714 715 717 718 785
715 711 714
717 720 718 721
725 727 726
726 183 723 727 729
183 723 724
723 724
724 721
740 730 731 738 742
742 186 738
186
1800 1801
720 196 718 721
721
753 193 756 782 783
783 782
756 193 757
189 758 757
758 757 760 759 762
757 193 762 763
191 1789 1790 1791 192 1795
1789 447 1281 1301 1784 1785 1788 1790 1795
1790 319 766 1281 1791
1791 192 766 1792 1794
192 1794 761 1788 1795
1795 1788
1794 761 1792
761 759 1793 1788 1792 765 762
1788 1785 1787 1793
193 763 755 754 782
763 755 762 765 772
755 754 772
754 772 771 781 782
782 780 781
195 196
196 718
718 785
713 712 790 714 785 788
714 711 712
785 788
788 796
796 779 794 795
794 795 799 802 821 822
780 776 777 781
777 776 779
779 795
200 201 203 205 711 791 822
201 202 820 823 203 822 821
203 823 819 826 204 205
205 204 211 707 824
711 712 791
791 712 790
822 821
202 803 820 821 802 804
820 221 803 812 823
823 812 819
821 802
803 221 811 813 804
802 232 799 801 804
804 232 806 811 805
819 812 818 826
826 204 817 818 825 845 844 828
204 825 824
825 211 824 828 829
824 211
211 206 829 707
707 206
206 829
829 212 827 828
576 575
834 212 214 836
214 575 572
575
212 836 827
836 827 844 837
827 828 844
213 570 841 216 567 568
570 566 568 569 841
841 216 569 840 855
216 855 856 551 567
567 551 566 568
568 566
572
855 854 856
856 551 854 857
551 550 857 566
217 870 867 864
870 867 869 872 871
867 864
864
869 872
815 222 816 817 881 880
880 223 881
223 882 881
851 849 852
849 852
221 222 817 812 813
222 814 881 817 813
817 812 816 845 818
812 818
813 231 806 810 811 814
814 809 810 887 881
881 887 882
882 887 886 885 883
224 915 916 900 899
915 898 899 914 917 918 919 916
916 225 900 906 908 909 914
900 225 899 907 901
899 898 901
225 906 907
906 903 905 909 907
907 901 902 903
226 904 905 910 978 245 246 983
904 903 983 905
905 903 909 910
910 909 912 978
978 245 912 977
245 977 976 982 246
246 982 984 983
983 247 902 903 1021 1024 984 992
940 923 930 939
913 908 912 977
908 909 914 912
914
919 918 921 922
230 808 810 231 928 927 807
808 807 887 809 810 888
810 231 809
231 806 805 928
928 235 805 927 929 934 932
927 235 807 926 930
807 926 888
806 805 811
805 232 1247 929
232 801 800 1247
801 311 799 800
800 311 1249 1248 1247
1247 929 1246 1248
238 953 952 1221
952 237 951 953
951 234 237 936 950
234 936 933 935 1241
936 933
933 932 939 934 935
935 934 1241
1241 934 1245
235 932 939 930
932 939 934
939 930
930 923 926
236 954 956 955 237
954 237 953 957 960 956 1217
956 955 960 961 964 965
955 237 950 965
237 950 953
950 944 947 965
953 1217 1221 1222
1221 239 240 1220 1222
239 1220 1219 1218 240
1220 306 1219 1224
1219 306 1211 1212 1215 1218
1218 240 241 1215
240 241 1217 1222
241 958 957 1217
1217 957 1222
1222
958 957 960
957 960
242 970 988 980 979
970 248 969 989 988 999 998 997
988 980 987 989 990
980 979 987 985 981
979 975 981
243 976 944 975
976 944 975 982 977
944 947 948
975 981 982
977 912
982 981 985 984
984 247 985
247 986 992 985
986 985 987 991 992
992 989 990 991 994
985 981 987
248 989 997
989 990
997 996 998
249 967 999 968
967 1080 1000 999
999 968 969 998 1000
968 969
1000 998 1003
1007 1005 1006 1037
1037 1005 1039 1038
1004 995 1006 1073
996 995 998 1003
995 1003
254 1010 1016 1021
1010
1016 1020 1021
1021 255 1020 1022 1024
255 1019 1027 1022 1020
1019 1020 1027
1027 257 1022 1025 1026
1022 257 1023 1024
1020
256 257 1025 1030 1024 1023
257 1025 1023
1025 1026 1030
1030 1026 1048 1031
1024 1023
1023
258 1034 1043 1050 1047
1034 1035 1045 1043
1043 1040 1041 1045 1044
1050 1047
1047 1048
1039 1035 1038 1044 1045 1040
1035 1045
1056 1054
1057 1058
1054 1119 1120
1120 263 264 1048 1119
1048
263 264 1124
264 1119 1124
1124
1119
266 1059 1062 267 1063
1059 1058 1062 1063 1112 1113
1062 267 1058 1060
267 1111 1063
1063 1111 1112
1111 1065 1112
1071 1067 1068 1072 1075
269 1080 1082 1083 270
1080 1082
1082 961 1083
1083 270 1086
270 1086 271 1066 1067 1084
1086 271 1085
271 1085 1066
1066 1065 1068 1067 1085
1067 1068 1075 1084
1084 1075
1085 1065 1110
272 1171 1166 1167 1170 1101 1102 1169
1171 273 1097 1164 1166 1169
1166 1139 1160 1164 1165 1167
1167 1168 1170
1170 1101 1103 1168
1101 276 1100 1103 1104 1102
1102 1097 1098 1100 1169
1169 1097
273 1164 1097 1174 274
1164 274 294 1160 1163 1180
1097 1098 1174
1174 274 1098 1173
274 1173 1163
1173
1163 1178 1180
276 1104 1105 1106 1100
1104 1103 1105
1105 277 1106
1106 277 1090 1100 1110 1107
1100 1098 1107 1108
277 1114 1133 1112 1065 1110
1114 1112 1113 1133
1133 1112
1112 1065 1113
1065 1068 1110
1110 1090 1109
282 280 1142 1143 1144
280 1144 1143 1145 1151
1144 1143
1143 281 1142 1145
1145 281
1151 1407 1153 1152
281 1142
1142
284 1156 1140 1139 1136 1157
1156 287 288 1157
1140 1139
1139 1136 1137 1165
1136 1157 1137
1157 288 289 292 1137
287 288 1149
288 289 1148 1149
1149 1148 1153
289 292 1400 1154 1155 1148
1148 1155 1153
292 291 1399 1158 1159 1400 1137 1138 293 294
1400 349 1154 1159 1401 1405
1154 1404 1155 1405
1155 1152 1153 1404 1406
290 1379 1387 1397 349 1159 1399 291
1379 291 344 1161 1378 1380 1387
1387 1380 1397
1397 349 1398
349 1398 350 1402 1401 1159
1159 1158 1399
1399 291 1158
291 1161 294
1161 294 1181 1378
294 293 1180 1160
1158
1137 1165 1138
1138 293 1165
293 1165 1160
1165 1160
1160
1180 296 1178
297 1183 1374 1376 1377 1181
1181 1377 1378
296 301 1183 1178
301 299 1188 1184 1183
1183 1184 1370 1374
1178
1374 343 1370 1373 1375 1376
1376 344 1375 1377 1381
1377 344 1378
298 1370 1190 1369 341
1370 1184 1190
1190 317 1184 1185 1191 1369
1369 317 341
341 317 1368 1365
299 1202 1204 1186 1188
1202 316 1203 1204
1204 1186 1187 1188 1203
1186 1188
1188 1184 1185 1187 1189
1184 1185
1098 1099 1108
1099 1090 1091 1095 1108 1107
1095 1091
1091 1090 1092 1093
1093 1092 1214
305 1209 1214 1215 1212 1213
1209 1213 1229
1214 1215
1215 1212
1212 1211 1213
1213 1211 1229
306 1224 1228 1227 1229 1211
1224 1225 1228
1228 1225 1227
1227 1225 1226 1229
1229 1211
1211
308 1233 1236 1238 310 309 1252
1233 1232 1237 1236 1252 1234 1263 1266 1264
1236 1235 1237 1238
1238 310 1235
310 309 312
309 312 1252
1252 1234 1253
312 1244
311 799 1249
799 795 1250 1249
1249 1248 1250
1244 1245 1246 1248 1250
313 1257 1256 776 781 774
1257 774 1253 1256 1258 1261
1256 776 1253
776 781
781 771 773 774
774 773 775 1258
314 1279 1280 1286 1273 1274 1275
1279 318 1275 1278 1280
1280 318 319 1285 1284 1286
1286 1273 1284 1287 1288
1273 1269 1271 1288 1276 1274
1274 1276 1275
1275 1276 1277 1278
315 1197 1198 1265 316
1197 1199 1198
1198 1264 1266 1265 1199
1265 316 1266 1267 1269
316 1196 1203
1196 1195 1203
1203 1187 1195
317 322 1367 1368
322 321 324 1367 1288 1287
1367 324 1368
1368 1365
318 1278 768 767 319
1278 768 1277
768 767 1277
767 319 766 1277 769
319 766 1281 1285
766 764 765 1792 769
1281 1285
1285 1284
320 1294 1291 1290 321 1287 1284
1294 326 1291 1293 1295
1291 1290
1290 321
321 324 1287
1287 1284 1288
1284
324
1288
1362 339 1358
1297 326 1296 1298 1305 1306
326 1296 1293
1296 1293 1295 1306 1325
1293 1295
327 1316 1324 1325 1307 328
1316 328 329 1313 1315 1317 1324
1324 1326 1325
1325 1295 1306 1307 1326
1307 328 1306 1310
328 1310 1315
1310 1315
1315 1313 1314
329 1313 1625 1318 1317
1313 407 1625 1314 1630
1625 407 1318 1626
1318 1317
1317 1319
1295
1326
332
1347 1463 1351 1350
1350 1349 1351 1352 1357
1357 1349 1355 1356
337 1466 1464 1463
1463 1351 1461 1464 1465
336 1343
1343 370 399 1472
370 368 369 399 1473 372
368 369 373 1469
1466 1464 1471 1467
1464 1467 1465
338 1386 1384 1382 1354 1353 1352
1386 1380 1383 1384
1384 344 1381 1382 1383
1382 1354 1373 1381
1354 343 1353 1373 1355
1353 1349 1352 1355
1352 1349 1351
339 1358 1363 1365
1358 1356 1363
1363 343 1355 1356
1365
343 1355 1373
1355 1349 1356
1373 1381 1375
344 1378 1381 1383 1380
1378
1381 1375
1383 1380
1380
1351
347 348 366 1459 1457
348 1457 1456 1390
366 1458 1459
1459 356 364 1452 1457 1458
1457 1456
1456 1390
1390 1389
1398 350 1393 1395
350 1395 355 1403 1402
1402 1401 1403 1404 1405
1401 1405
1395 355 1392 1393 1394
355 1418 1419 1403 1394
1403 1419 1420 1411 1404
351 352 1411 354 1410
352 1410 1408 1407 1406 1404 1411
1411 354 1404 1420
354 1420 1419 1418 1412 1413 1410
1410
1408 1407
1407 1152 1406
1406 1152 1404
1404 1405
1416 1412
1420 1419
1419 1418
1418 1412
1412 1413
1413
1394 1392
356 1452 1453
1452 364 1453
1453 363 364 1445
1425 1427 1428
1428 359 1427 1429
1429 1430 1431
359 1433 1427 1436 1435
1433 1435 1437
1427 1436
1436 360 1435 1441 1439
1435 1439 1437
360 1441 1443 1442 1501 1502 1440 1439
1441 1443
1443 1442 1446
1442 1446 1447 1500 1501
1501 376 1500 1503 1502
1502 1440 1503
1440 1439 1503 1504
1439 1437
1445 363 1446 1448
362 1494 374 375 1448 1449 373
1494 371 373 374 1491 1495
374 1495 1496 375
375 1496 1447 1446 1448
1448 363 1446 1451 1449
1449 373 1451 1450 1469
373 369 1469 1474 1493 1491
363 364 1451
364 1458 1462 1468 1450 1451
1451 1450
1458 1462
1462 1461 1468
1468 1460 1461 1465 1471
1450 1469
1461 1465
1471 1460 1467
369 372 1474
1469
372 1491 1493 1474 1473 1475 389
1474 1493
399 1477 1476 1475 1473 1472
1473 1475
371 1495 1491 1498
1495 1498 1496
1491 389 1493 1492
1498 1496 1497 1500
1493
1475 389 1476
389 1476 1477 1483 1492
1496 1447 1500
1447 1446 1500
1446
376 1500 379 1499 1507 1503
1500 379 1497
379 1497 1499
1499 1497 1516 1508 1506 1507
1507 378 1503 1506
1503 377 378 1504
377 1506 1508 1504 378
1506 378 1508
1508 1516 1513 1509
1504
378
1497
1524 1525
1514 1513 1525
1525 1513
1531 383 384 1522 1529 1530 1534 1532
1530 383
383 1529 1527
1529 1527 1534 1533 1535
1527
384 1533 1534 1532 1540 1537 1536
1533 1536 1535 1534
1534
1532 1522 1539 1540
1540 1537 1539
1537 1535 1536 1567 1656 2018 1539 1538 1543
1536 1535
385 386 1543 1542 387 1541
386 1544 1545 1543 1541
1543 1538 1542 1545 1567
1542 387 1522 1538
387 1549 1544 1541 1522
1541 1544
1544 1549 1545
1545 1566 1567
1549
1522 1538 1539
1476 1477
1477 1483
1483 397 1482 1492
1492
390 1554 1558
1554 1558 1555
1558
393 1561 1559 1589 1587
1561 1569
1559 396 1480 1560 1591 1589
1589 396 1586 1587 1594 1590
1587 1579 1586
394 1579 1586 1585 1580
1579 1572 1574 1586 1580 1581
1586 395 1585 1590 1613
1585 395 1580 1584 1615
1580 1584 1581
395 1614 1615 1613 1595
1614 398 1595 1611 1612 1615
1615 1611
1613 1590 1594 1595 1596
1595 1596
396 1591 1593 1594
1591 1479 1480 1593
1593 1479 1592 1594
1594 1590
397 1480 1560 1482
1480 1479 1560
1560
1482
398 400 1610 1611 1612 1604
400 1607 1609 1610 1604 1601 1605
1610 1609 1622 1616 1611
1611
1612 1604
1604 1601
1472 1600
1607 1605 1608 1609
1609 1608
1601 1600
1605 1319 1336
1608
1616 1622 1621
408 1620 1618 1646 1621
1646 1618
1621 1620 1622
1626 407
407 1630 1631 1629 1628
1630 441 1312 1314 1631
1631 440 441 1629
1629 440 1628 1633 1635 1636
1628 1619 1620 1636
1620 1618 1619 1622
1618 1619 1637
1637 1619 1635 1636
418 417 437
412 1650 1653 1649 1582 1648
1648 1582
1650 1653
1653 1649 1652 1654
1649 1576 1577 1578 1582 1654
1582 1577 1584
413 415 1656 1657 414
415 414 1658
1656 1567 1568 1575 1655 1657
1657 414 1652 1655
414 1658
1658 1660
417 1660
1660
437 1672 1671
1671 1672
1676 422 1665 1678 1677 1684
1665 422 1666
422 1666 1684 1683 1685
1666 1685
1684 423 1677 1683
1683 423 1682 1685
1685 1682
423 1677 1681 427 1689 1686 1682
1677 1681 1678
1681 427 1678 1680
427 1679 1710 1709 1689 1680
1689 1690 1709
1686 1682
1682
1692 426 1691
426 1690 1708 1691
425 1700 1708 1705
1700 1691 1708
1708 1690 1691 1705 1707 1709 1710
1705 502 1707 1712 1713
1690 1709
1691
1679 1680 1743 1744 1711 1710
1710 1707 1709 1711
1709
1680 1675 1678
428 430 1742 1747 1741 1716
430 429 1716 432 1717 1714 1744 1742
1742 1744 1743 1747
1747 1743
1741 433 1715 1716 1733 1736
1716 432 1715 1718
429 1714 1707 1706 1744
1714 1707 1712 1713 1717
1707 1706 1711 1712
1706 1711 1744
1744 1711 1743
432 1718 1719 1717
1717 502 1713 1719
431 1718 1715 1722 1719
1718 1715 1719
1715 433 497 1722 1723
1722 497 1719 1991
1719 501 502 1991
433 1733 1732 1723
1733 1730 1732 1736 1735 1734
1732 1721 1723 1729 1730 1731
1723 497 1721
434 1754 1755 1757 1756 435
1754 1748 1759 1758 1765 1755
1755 1765 1764 1757
1757 1737 1756 1764
1756 435 1737
435 1737 1738
1737 462 1736 1764 1767 1768 1847 1738
1738 1736
1748 1753 1759
1672
1753 1632 1751 1759
439 1632 1633 440 1759
1632 1759 1751 1634 1633
1633 440 1634 1635
440 441 1759
1759 441 1758
441 445 1758 1312
445 442 444 1758 1312 1760
1758 442 1765
1312 1314
442 444 1765
444 443 1760 1766 1765
1765 443 1764
443 1766 1767 1764
1766 1760 1771 1770 1767
1767 1764 1770 1768
1764
1760 1762 1771
451 1762 1763
1762 1771 1763
447 1302 1299 1301 1784 1303
1302 1298 1299 1303 1305
1299 1298 1301
1301
1784 449 1303 1778 1783 1785 1786
1303 1783 1305
449 1785 1805 1786
1785 1787 1804 1805
1805 452 1786 1803 1804
1786 452 1777 1778
450 452 1806 460 1780 1779 1778 1777
452 1803 1802 1807 1806 1777
1806 460 1775 1776 1807 1813 1808
460 1776 1772 1780
1780 1763 1771 1772 1779 1782
1779 1778 1782 1783
1778 1777 1783
1777
1763 1782 1771
1803 1801 1802 1804
1802 453 1801 1807 1815
1807 453 1813
453 1812 1813 1815 1814
1812 455 1808 1809 1813 1814 1828
1813 1808
1815 1801 1814
1814 1811 1828 1818
1801 1804
1804 1787 1796
1796 1787
455 456 457 1809 1828 1826 1829
456 1838 457 1829
457 1810 1809 1838
1809 1775 1808 1810
1828 1811 1826
1826 1811 1829
1829 1811 1827
1838 458 1810 1844 1839
1810 1839
458 1839 1844 1845
1839
1844 1835 1845 1851 1848 1849
1845 1847 1846 1849 1848
1773 1776 1775
1775 1776 1808
1776
1772 1771
1846 1847
1847 462 1768 1848
1768 1770
462 1736 1848 1735
1736 1735
1848 1735 1849 1851
1735 1734 1851 1850
463 1835 1852 1854 1850 1851
1835 1852 1851
1852
1854 496 1850 1855
1850 496 1730 1731 1734 1851
1851
1858 1857 1878
465 1974 1982 1863 1866 485 466
1974 466 493 1973 1977 1976 1982
1982 494 1863 1976 1981
1863
1866 484 485 1864 1865 1869
485 466 1864 1943
466 492 493
492 1972 1971 493
493 1971 1973
1875 1872 1874
1874
1878
1827 1811 1819
1825 737 1822
1886 1885
1885 1882
1882
476 1903 1936 1902
1903 477 478 1899 1902 1936
1936 477 482 1902 1939
1902 482 1872
477 1935 1939
1935 1932 1934 1939
1939 482 1931 1934 1937 1942
478 1899
1899
480 1927 481 1928 1933 1906
1906 1933
1927 481 1920 1922
481 1928
1928 1929 1933
1933 1929 1931 1932
482 1937
1937
1865 1864 1869 1942 1943
1869 484
484 1872
1872
1864 1943
1943
1952 487 1946
488 490
490 1958 1955
1955 1958
487 1946
1946
491 1964
1964 1965 1972
1972 1965 1971 1999 1975
1958 509 1959
1971 1975 1973
1973 1975 1977
494 1981 1983
1981 1976 1980
1983
1724 1721 1729 1728
1728 496 1729
496 1729 1731 1855
1729 1721 1731
1731 1730
1855 1857
497 1721 1726 1990
1721
1726 1990
1990
498 1991
1991 499 501 1992 2008
499 1992
1992 500 2008
500 2007 2008 2010
2007 1703 2008 2010 2009
2008 501 1703
2010 2003 2009
501 1703 1720 502
1703 2009 2013 1704 1720
1720 502 1704
502 1704 1713
1704 2013 2014
1713 1712
503 2016 2018 1694 2015
2016 2015 2018
2018 1694 2022
1694
2015
2022
506 2000 1968 1969 508 2032 2002 2001
2000 1968 2001 2004
1968 1969
1969 508 1965 1999
508 2032 1965
2032
2002 2001 2003 2004
2001 2004
1965 1999
509 1959
1959
2047 2046
2046
512 513 517
513 517
517
520 599
599
558
540 542
542
550 545 857
545
857
566 569
564
560 562
562
569 840
840 837
620 627 625
627 625 626
625 624 626
624 652 650
652 650 651
650 651
626
1920 640 1917 1919 1922 1921
651 645 648
640 1919 642
642 641 1919 1918
1919 1917 1918
641 645
645 648
1918
648 647 1895 649
647 1895 1892 1894 664 649
1895
1892 1894
1894 1889
664 649
649
658
1889
729 730
727
712 790
790
730 731
731
736 737 739
739 737 738
738 737 1822
737 1822
1822
746
772 764 765 771
771 764 770 773
762 759 765
760 759 1793
759 1793
1793 1787
1792 765
765 764
764 769 770
769 1277 773 770
770 773
1277 773 775 1276
773 775
775 1276 1259 1258
1258 1259 1267 1261
1276 1259 1268 1269
1259 1268 1267
795
1250 1248
1248 1246
811
929 1246 1245 934
926 888 923 931
888 886 887 931 925 924
887 809 886
809
818
816 846 845
846 845
845 844
828 844
844
837
852
854
871 872
872
895 890 893 894 897 896 901 902
902 901 903
892 883 884 891 893
893 891 894
883 885 884
886 885 924 889
885 884 889
884 889 891
889 924 918 917 890 894 891
891 894
924 918 920 923 925 931
931 923 925
925
918 917 920 921
917 890 897 898
890 894 897
894
897 896 898
896 898 901
901 898
898
903
909 912
912
920 923 922 921
921 922
922 923
923
934 1245
1246 1245
1245
947 965 964 948
948
965 964
964
960 961
961
969
998 1003
981
987 990 991
991 990
990
994
1003
1073 1006 1038 1072 1075
1006 1005 1038
1005 1038
1038 1072 1040
1026 1029 1031
1029 1031
1031
1045 1044
1072 1040 1075
1040 1041 1044
1044
1041
1060
1058 1113
1113
1068
1075
1092
1090 1109 1107
1109
1107 1108
1108
1103 1168
1168
1153 1152
1152
1405
1185 1189 1191
1189 1187 1195 1191
1191
1187 1195
1195
1199 1232 1264
1264 1232 1266
1266 1263 1267
1232
1225 1235 1231 1226
1235 1231 1237
1231 1226 1237
1226
1237
1234 1261 1262 1263 1253
1263 1260 1262 1267
1261 1253 1260 1267 1262
1262 1260
1253
1267 1260 1268 1269
1268 1269
1260
1269 1271
1271
1298 1305
1306
1305
1783 1782
1314
1319 1336
1336 1334
1334
1356
1600
1349
1375
1389 1392 1393
1393 1392
1392
1430 1431
1431
1437
1460 1465 1467
1465 1467
1467
1592 1479
1479
1516 1513
1509 1513 1510
1535
1513 1510
1510
1538 1539
1539
1567 1566 1568 1569
1566
1555
1569 1568 1573
1568 1573 1575
1573 1572 1574 1575
1575 1574 1655 1576
1572 1574
1574 1581 1578 1576
1581 1577 1578 1584
1578 1576 1577
1576 1654 1655
1655 1652 1654
1654 1652
1577 1584
1584
1590
1596
1622
1619 1636
1636 1635
1635 1634
1751 1634
1634
1652
1675 1678
1678
1743
1711
2014 2013
2009 2013
2013
1712
1730 1734
1734
1771 1770
1782
1770
1808
1787
1811 1818 1819
1818 1819
1819
1857
1849
1942
1932 1931 1934
1917 1921
1921 1922 1923
1922 1923
1923
1929 1931
1931 1934
1934
1999
1970 1975 1978 1980
1975 1980 1977
1978 1980
1980 1976 1977
1977 1976
1976
2004 2003
2003
2034
